1161
1977
399
999
1013
767
406
198
1663
1427
1985
1563
1252
694
1792
383
282
168
76
1802
623
1368
717
418
1955
1653
1581
1292
416
673
1749
929
1937
1936
995
1708
158
1354
1118
200
192
396
1077
1195
1273
1954
1629
19
1284
771
855
933
1637
1008
1448
472
1080
246
174
142
1718
1191
55
300
901
1454
1236
1782
1485
1520
531
711
410
577
112
604
151
570
20
1486
1599
1600
306
1760
1812
1304
433
997
565
853
502
705
1100
987
915
1336
67
1636
1937
1970
351
1995
184
1028
1397
1442
1388
492
122
1027
132
1974
1775
768
891
1823
330
1655
935
315
1172
848
1375
1875
1781
1543
17
926
693
1804
1139
1445
561
120
905
491
59
720
11
1056
1823
1895
855
1953
1779
1665
1514
1360
1660
1343
