153
1110
574
1095
252
824
1508
1481
730
144
272
1
1275
1139
1
601
796
1918
1599
984
176
1004
1399
411
1436
41
774
1090
1256
292
972
1164
1974
843
163
600
1102
118
1338
581
1613
691
1263
1068
591
1063
1366
1378
1148
2
265
837
870
1256
1134
1853
1921
1689
1602
473
945
1362
928
1811
1358
1159
1202
1602
516
1371
394
1754
1971
1519
758
1130
240
1117
1671
1771
1589
1897
22
1950
751
350
1198
1147
1598
1176
235
1727
1989
1340
1736
1642
1511
1131
1290
496
1700
483
1027
1016
580
596
450
1718
274
1074
351
488
693
729
452
1104
1803
421
489
558
1722
587
1059
1398
1196
830
1517
1294
1364
450
1214
57
32
1916
861
1563
279
627
297
111
181
738
570
658
1103
1911
409
487
1694
101
698
100
1588
1721
280
1951
52
470
120
1041
205
1284
1293
1876
1522
1161
1863
1705
1320
272
566
599
943
1867
1085
1268
420
1939
57
65
906
1199
676
401
504
1164
1707
1778
1897
1056
186
441
104
115
1001
1529
1431
506
737
1764
920
1407
1324
1252
1827
82
1024
648
354
443
1080
1474
1086
376
119
339
1712
1998
1044
1567
693
1838
1568
1431
1683
1456
1588
703
1101
1251
986
1429
1040
1080
1384
877
1885
1238
1032
1405
900
691
1938
178
1915
1726
813
1581
1461
1845
592
1965
849
1985
1917
473
281
890
1112
1494
643
146
729
137
1274
885
1960
1877
1917
413
1730
995
945
168
370
1034
736
1184
1532
1557
1679
1177
194
1921
1166
764
1636
694
1134
300
64
1081
1622
880
1782
1780
110
654
946
1864
1549
1738
994
344
1252
1879
778
171
790
649
1998
299
464
1583
45
1535
1419
924
32
336
900
803
1834
1095
608
1454
1420
1278
1927
994
1365
1629
1315
29
857
844
585
1584
328
717
1361
94
1524
1403
658
32
1150
1609
344
1895
738
1213
1052
637
1370
799
127
1141
681
595
1456
1242
1669
394
723
1649
1808
1464
93
255
924
647
621
1089
1062
360
1144
1088
390
397
1920
848
1719
1365
1454
84
902
1789
369
1410
639
674
322
788
229
1236
1507
1572
1102
371
677
1836
577
1031
810
486
200
1256
1264
1228
1243
1410
325
1089
1241
1345
1318
1117
792
1076
1306
1672
1468
1176
163
1016
1477
1440
1462
1079
950
547
1180
1790
1126
209
1723
433
976
729
866
564
1396
1570
915
1651
1942
394
1106
713
345
1334
1209
594
1287
330
132
1692
1196
201
30
274
471
35
1540
1034
1226
934
872
1453
519
276
750
811
272
1044
1272
847
329
1508
1456
588
363
1126
1731
920
493
1568
458
759
1447
989
793
1852
487
400
162
583
440
1424
1596
743
1510
1958
1087
1823
1593
1818
106
1787
1890
660
1370
826
877
306
340
518
560
1250
43
320
1692
1115
66
1681
449
1144
1196
1510
167
418
445
428
580
981
1682
1295
644
1429
1146
1084
1474
63
383
1114
1969
1660
1019
954
656
135
1934
63
333
1161
676
99
642
1004
273
1374
148
255
1828
935
860
1011
236
701
956
1417
756
1208
542
760
514
1452
998
31
1530
82
737
1054
1676
291
1065
739
1868
1646
187
1836
1719
956
516
1948
812
130
270
1381
537
1664
1364
330
669
1177
204
141
1156
762
504
1400
1225
1843
1338
1628
776
1315
1794
75
747
1336
1852
1841
1020
852
1629
932
106
144
1429
427
1673
442
1191
1231
1666
573
1525
520
1580
284
875
1410
700
390
1800
1366
89
615
1505
78
633
1203
1511
1353
659
499
638
3
442
1987
601
1494
1767
1674
1145
1466
953
1138
1922
415
1837
136
1811
1597
682
1586
829
1756
1163
1150
1345
1336
62
1340
1488
1961
1754
267
1337
1504
400
1875
91
1110
15
591
148
10
172
64
1842
1552
1655
505
1083
1652
1559
597
1864
1415
114
510
328
1532
1627
1339
438
247
937
1676
1964
790
475
288
1470
1652
661
1257
1216
1206
564
1488
1327
1141
1620
279
630
1816
585
667
639
919
1335
952
1409
364
968
888
427
660
64
1151
467
1733
1031
1378
1964
175
703
1359
941
1046
1414
930
30
1720
280
1323
1088
1947
1308
779
1656
1027
416
1741
908
1672
1856
1609
1232
101
255
325
1155
1114
834
1362
1696
121
1053
1571
1304
1508
1096
924
1180
1328
830
1195
790
1960
195
851
555
1291
1240
37
948
1923
461
1536
457
196
385
208
833
149
612
1858
1259
713
522
726
531
779
9
1114
776
134
1229
514
1588
244
923
174
233
1994
589
1107
788
265
1494
935
604
758
302
1244
298
222
1665
844
1689
1195
1210
331
1810
0
835
56
643
1608
624
83
682
274
366
211
858
1361
1920
1450
1136
534
1909
1390
27
966
616
10
553
1246
796
1875
1189
1315
1663
786
1019
886
115
1445
949
600
118
96
1163
1212
90
1600
212
1416
1664
8
1369
1872
862
917
445
434
136
1813
928
1890
887
1954
1206
1626
1421
1133
325
697
1932
1103
754
110
528
969
766
38
1215
853
459
1323
1292
1539
1677
444
756
1312
1159
1630
1998
523
188
1324
299
1098
1454
1401
1615
227
1639
861
358
73
895
1103
1558
1767
1038
1187
592
1103
1427
1380
552
1382
1024
1333
133
1968
1609
1382
1571
1024
303
1696
578
1230
201
860
199
72
1336
1858
1524
252
1910
1962
949
120
1067
883
1365
1257
1486
169
1350
1922
773
818
1309
1574
84
1167
1071
1028
840
1839
1179
953
81
616
586
1440
1206
1882
652
1888
432
311
314
910
543
1451
1309
728
1900
508
277
678
832
1737
1135
1094
1279
1098
331
786
998
1044
1145
1171
250
137
1749
1018
779
1753
498
185
1976
1324
634
1961
146
20
1119
1715
1241
1772
1403
603
1733
101
1404
431
322
560
886
308
1357
988
872
1113
1102
440
1473
850
780
1618
165
766
1532
399
30
1810
202
1606
41
1858
1145
1569
1695
258
803
1214
48
576
1676
688
1936
132
1659
1926
1771
214
169
1534
372
459
264
1137
1689
505
1131
581
1941
54
700
1012
165
102
1216
1371
710
672
1742
1219
1568
1527
1496
1591
1304
670
1374
417
969
1241
1572
69
1866
1893
399
381
195
825
1445
1960
849
164
280
170
1941
1530
1168
1697
1589
1188
165
408
615
1641
147
840
1570
1153
57
709
1189
930
1081
641
1642
1772
1782
144
1190
1632
1233
909
160
845
1956
1490
1365
1879
1778
1369
1300
691
605
1610
1001
865
78
302
1586
1347
305
1906
967
659
181
104
1002
339
1407
1712
1923
303
1740
586
352
878
803
110
920
103
1044
1545
1544
463
438
448
1884
1265
114
1302
63
1155
84
979
468
1572
299
1602
935
492
1917
1742
1888
451
1758
543
758
748
1708
1431
1033
390
1117
628
1746
1143
12
1341
1118
828
382
296
1137
26
1846
1728
983
1774
25
1449
342
978
1623
151
248
563
877
1368
1647
1764
1087
451
1669
1918
1573
1173
1518
637
1936
1964
1523
1015
125
1833
140
1918
1936
736
1328
690
512
1218
120
697
72
1513
561
797
1676
1197
1371
1336
947
911
1425
603
522
1097
1647
714
1447
349
1789
545
1817
1413
649
156
1456
1510
1885
1397
1372
850
302
203
794
607
1627
1841
1135
1053
128
1626
1125
1707
411
960
421
770
371
110
339
1811
1193
1346
1303
331
1856
1000
641
572
1105
247
1749
719
1663
643
1994
1435
989
587
561
328
123
1013
993
163
1351
1113
720
1895
1408
213
911
205
1880
1098
500
965
1499
520
1760
1917
1436
1744
1163
267
1764
946
1876
1408
1236
281
1455
1322
692
890
726
643
1291
1155
889
1324
491
1674
922
1043
1294
1737
1182
1597
1079
669
1648
1291
823
1442
920
656
1956
237
1990
1466
1967
375
332
1048
1848
1171
1131
1865
1179
406
1577
824
517
1669
1474
927
1287
484
1715
669
230
292
1467
100
1655
1325
1335
849
1526
823
28
1859
1647
808
1227
126
841
129
1839
1478
892
827
1691
531
1119
297
669
1336
544
177
404
485
1327
844
485
709
1055
1173
1154
1245
596
493
1972
1143
104
1172
140
475
1463
71
561
1891
1124
972
1878
1842
1075
1656
1178
1444
1406
1114
422
1937
557
1526
1686
1645
607
305
972
1558
103
1210
589
383
599
1467
495
1009
1623
1097
491
1758
7
383
553
822
374
276
1759
167
378
1677
1668
1685
918
514
720
1242
1462
438
1009
1447
279
1790
1743
28
1472
289
1798
1783
1866
961
752
8
592
192
1320
657
1581
441
1083
742
1974
1364
1402
645
977
368
1239
1055
1650
907
1580
80
1880
462
761
614
68
1454
552
648
705
1968
63
1237
1621
357
893
747
792
204
210
986
1014
100
1245
224
183
1763
128
1716
1208
260
1143
753
1870
919
188
261
667
1367
748
1833
260
1432
624
813
1685
1811
78
868
398
860
4
1181
97
1251
1300
1465
1796
843
903
973
441
1996
899
1066
1078
111
1822
1774
705
1189
1794
792
1960
404
954
671
176
1573
483
50
1554
1163
1375
725
302
1770
471
1349
144
1106
216
328
13
1167
1228
1571
814
93
855
1347
1911
259
354
1924
371
678
220
1340
1814
1008
1029
1812
1958
1980
750
177
1816
1707
465
558
616
396
1346
521
1436
285
1804
815
1763
412
657
844
439
1619
359
1433
11
1446
1576
762
1408
792
32
1176
1395
100
1965
1278
1064
657
1320
13
731
1700
1455
1527
1233
169
178
1691
1372
668
1417
946
116
293
1773
1784
1027
1932
1798
1958
422
688
1337
912
1568
1180
1495
1669
711
19
49
893
445
1000
58
705
171
1998
966
221
146
134
837
1482
974
861
509
8
1529
1793
10
1399
1290
761
280
437
243
1251
1950
889
659
1743
0
1391
387
1616
1460
1379
1416
1122
1597
904
933
1774
222
709
749
585
1964
557
455
794
1331
71
357
1674
1388
310
1629
355
1172
1382
881
1649
537
1616
506
1130
1077
1718
1389
938
1626
190
594
1328
1857
759
1373
668
1880
1459
1442
147
403
240
189
94
1230
319
1957
458
940
608
256
513
1192
11
1588
745
1173
1195
458
725
1230
754
1584
76
1316
540
906
1830
107
1673
702
905
430
827
287
285
1550
1304
1832
273
1518
1616
1435
1776
1155
698
692
1892
1591
138
78
1703
337
553
1893
509
297
1381
1424
1134
1409
121
608
60
426
1526
1714
1496
1110
1116
199
1956
740
603
646
1365
482
1845
1237
1973
1837
1409
560
1137
194
784
86
34
96
325
1778
1698
1807
1875
956
806
191
833
1048
1601
1818
485
1830
1160
1159
1508
450
1062
429
27
712
373
1612
1413
1888
1478
1859
179
1957
771
8
131
76
1922
764
1766
1126
1029
286
1971
1209
1463
1684
790
1087
20
716
1549
799
1252
1392
666
456
1880
1742
1130
1439
1800
916
969
1150
576
807
1096
1590
361
370
1171
117
312
1530
1609
1664
456
694
1419
80
659
743
500
632
1843
1270
105
925
701
1739
884
1773
1043
640
1859
1325
1162
702
1539
1240
972
1299
158
412
1181
1144
120
1804
1204
295
216
1656
580
1409
150
324
1693
796
534
1793
1341
456
691
239
987
89
227
1859
863
484
524
686
119
1276
850
1265
420
1658
363
153
696
1572
1743
1713
1031
1957
590
1794
783
52
1320
1026
1226
523
285
245
805
752
1706
1707
430
795
804
981
847
1449
372
1169
1881
739
821
1947
1895
1798
975
1891
185
1848
109
1756
1879
1588
177
136
836
1117
1350
1765
837
1187
1982
1509
1658
486
1658
1713
754
946
228
747
1785
1520
784
617
286
1859
230
1539
92
1951
1156
1451
1544
1855
1904
1464
248
1577
1405
34
1216
1105
1289
1917
765
1762
1568
1759
1751
1446
1280
1429
784
893
53
108
1470
1799
754
1685
1381
815
393
298
1879
616
786
947
1237
573
508
1721
1344
1161
1172
562
1963
742
1558
43
1845
1342
1575
1463
1405
1098
783
1759
985
183
57
182
424
1907
996
1415
502
1231
628
1140
1724
374
1599
700
828
886
640
410
502
1009
1346
1744
262
211
390
1634
278
720
454
227
1236
395
1348
769
1095
315
1926
975
1167
27
660
1722
602
954
508
1971
1499
713
1817
1968
908
1184
1762
157
684
1088
355
800
1632
1298
1737
214
800
662
1064
832
1246
1209
780
427
76
1880
477
984
1849
1346
957
1887
327
1110
1006
537
992
1482
1563
417
207
1060
1697
117
1780
1161
547
1714
237
1549
1194
832
1221
332
844
75
1470
498
702
766
760
1049
1932
1595
156
28
405
1258
1095
1925
577
763
604
311
1363
1692
151
214
1728
1444
1106
1908
401
1887
721
457
275
1090
1908
1325
1236
221
1271
1966
1687
171
1906
897
486
1769
1692
276
1157
1639
1872
245
493
1798
171
1431
580
1046
210
139
833
1250
579
896
245
1425
265
469
793
1810
456
1875
1540
1037
1427
621
306
323
964
913
121
1525
334
419
246
496
1338
867
1972
261
313
1297
1413
639
396
938
580
120
1181
1805
68
1011
1815
1868
804
1131
1838
521
214
1173
711
26
681
1028
259
452
1695
1072
1190
741
1764
247
201
1978
1884
100
1884
260
864
347
31
1086
500
1274
196
1125
134
656
652
1630
1537
1648
521
1159
9
1699
1322
498
1101
1777
1663
1811
244
265
809
1177
1012
797
229
1567
579
205
1261
1541
233
1859
397
1537
1806
1422
966
962
1466
1609
1916
570
929
887
601
608
760
229
131
896
296
1663
1329
197
489
940
1729
483
211
1762
1949
1208
1739
266
986
1034
1375
1222
1642
1513
1188
1715
1055
792
214
680
1366
1775
115
446
1390
657
1282
637
1556
1253
670
1243
701
1478
1349
346
527
386
960
1808
526
1726
877
1150
1070
1373
1134
1424
1715
1298
1657
1405
88
1927
1911
202
1595
94
788
291
1493
1129
482
392
1764
1128
1378
1359
291
413
692
16
1823
1597
1298
235
1224
817
776
1676
301
1711
1602
1208
1828
1981
1580
526
1062
1999
1892
1407
674
1857
69
1947
361
1319
336
1268
1947
678
1500
1797
132
1352
612
1659
1724
476
1986
839
1101
298
1090
930
1645
1835
874
1073
1121
1060
1841
1257
1984
732
882
261
1506
1505
1201
1095
416
324
1787
498
30
1193
575
61
796
338
1146
1940
1795
522
177
1035
260
1008
273
10
1952
1700
587
1450
1786
253
1261
393
1456
1466
514
919
281
1518
1997
1438
647
1501
1652
1403
312
263
317
1657
1113
1649
1404
619
653
698
617
1674
1493
526
13
1979
8
1070
952
1363
1925
214
1401
1555
805
1824
848
1798
1670
1679
915
667
1444
1189
1884
636
356
483
1712
860
794
712
1354
660
1863
1005
1476
1986
399
1305
465
1301
1182
874
1443
1343
1071
287
907
1583
895
1903
818
1476
585
882
698
64
1060
1533
1318
1839
199
1156
1836
1135
1393
584
85
975
539
1609
652
257
119
536
320
1126
746
368
1859
277
1140
641
1586
119
1480
1599
1685
1868
1504
1426
992
1322
497
1876
1328
704
1179
849
626
120
0
1452
588
1969
1304
898
699
1754
1987
1014
1530
1603
1051
1854
478
1733
570
777
805
1024
1408
911
615
411
1259
894
1862
924
725
915
3
893
757
614
1429
560
1418
1239
1715
1049
1402
564
1380
1536
1340
1806
1763
1275
1383
989
1904
1404
1878
787
159
1066
1563
1897
971
1324
714
1846
412
1600
36
248
1469
163
837
151
1505
641
1963
789
882
1757
150
14
1827
1021
968
7
1634
1571
563
442
454
277
713
428
1593
541
1001
1513
1773
1937
46
784
64
999
1077
898
232
1732
1749
615
1809
840
564
621
573
771
1470
596
438
771
941
1551
823
1112
76
1670
1635
330
1119
1854
1491
1770
1150
455
29
445
266
1359
1349
1172
798
867
565
1876
1600
893
776
1067
495
1587
1763
1610
215
1913
1162
1026
1853
131
1597
1705
377
515
1379
190
1729
1316
978
4
114
1348
1949
1009
30
111
1429
678
87
1578
1496
108
276
372
1570
1345
1054
1518
1142
680
1551
656
1569
426
583
558
383
1911
1211
1771
1129
1067
1061
1998
1240
1866
210
1329
1610
882
1572
1314
1881
1668
496
57
1268
1960
1094
872
1227
1275
105
1938
1657
172
1437
1187
1705
60
433
1538
1420
1077
858
1537
1728
1176
1196
1766
607
308
1859
958
1668
773
662
1914
1138
1863
1067
1211
870
336
1056
360
1169
1131
1874
884
162
561
84
546
488
1257
316
208
837
204
1523
1589
640
1315
1138
1353
675
1464
1519
503
201
711
801
733
430
1863
742
833
789
408
1993
1827
460
1197
244
721
326
1037
1969
58
200
1937
1559
533
1834
1101
209
1886
1917
1925
1811
288
0
1525
432
1937
1103
1440
1246
92
1929
1904
1760
161
1460
434
1654
1301
834
1847
404
1871
36
1260
770
1031
798
1135
1898
1358
1826
402
345
726
1313
1329
823
917
1343
305
678
1974
1933
1909
1098
706
1408
324
353
846
1330
873
933
1132
466
1881
797
1056
1546
1181
539
69
24
320
743
1861
460
60
1285
1735
1211
176
1294
1547
1730
156
855
1644
1457
853
1341
367
1829
1592
1947
244
1912
1121
162
1118
1196
1661
43
365
496
974
1140
1461
1584
1459
392
926
983
407
892
596
1969
1618
1783
782
570
856
1285
1737
313
1027
21
762
1680
108
1126
1731
1020
1717
1685
315
217
471
822
429
297
640
1861
1703
1952
1314
612
873
774
1709
558
1017
1409
298
1616
451
502
1596
1927
1658
178
633
1573
629
1431
683
118
133
927
1777
988
272
423
892
596
1725
1466
804
579
1914
1658
202
1946
1370
969
866
1966
1548
254
244
1363
366
1771
500
1982
453
1626
1803
477
1914
1375
875
1491
780
617
416
735
1172
716
956
1749
1271
507
501
1216
1511
1171
1778
177
237
1411
745
1118
1102
1759
1012
997
1928
316
909
511
1048
1770
914
978
848
335
1837
1631
1475
1499
720
1209
1443
352
675
558
1715
1037
302
893
1238
1179
860
207
1277
1930
37
957
1163
1340
972
1892
727
578
1007
280
253
1046
1099
232
1989
1279
175
984
322
363
1054
907
1969
1067
636
1550
474
1520
1190
878
1372
1804
840
431
381
422
1652
371
165
1072
17
1281
474
689
1995
1046
693
188
73
1188
173
1304
1467
1744
25
1690
866
165
1341
1304
709
180
1168
1428
376
1588
233
667
407
1901
401
1998
1441
1209
567
657
1232
1271
955
1195
779
1625
1564
283
1063
402
327
1107
439
292
1741
599
1720
1259
1238
768
1502
1020
289
930
1238
1595
605
1236
1005
1999
1240
1757
1644
311
1872
1054
1191
1209
1550
1373
1383
1446
1839
1137
1076
1838
1316
1929
131
189
1060
340
416
1668
1860
963
542
533
40
230
144
1392
227
1501
87
721
218
1579
1176
858
714
872
1560
1059
108
1676
417
1695
504
1134
1400
1131
279
1845
418
984
1952
855
1179
1507
1380
1656
1875
433
1092
610
373
1434
1255
312
554
778
532
1734
1308
699
712
289
1368
1525
360
529
1756
474
791
1063
1198
1186
1824
1920
1620
1464
1872
412
129
1036
953
844
934
1546
1014
1000
1675
753
291
1730
996
480
1573
491
1469
966
1343
737
779
459
1621
1232
1400
618
1834
1086
10
596
877
203
228
1587
19
181
1306
1228
1864
1069
1509
810
1169
509
1469
1795
1586
1278
1301
1602
722
1325
468
1015
1168
1454
6
703
247
1689
1446
660
667
819
1920
1786
1315
316
231
596
1748
1320
617
861
729
1900
1992
1080
83
101
1406
726
1329
1756
427
1939
1986
1353
1145
1619
1764
294
45
1299
830
237
981
674
191
571
116
811
1205
270
969
916
1032
400
1194
1004
20
1823
1052
959
159
279
1584
1726
1996
135
1349
1340
1784
618
957
147
1880
603
1446
376
1988
1856
1046
1793
172
1665
910
1919
434
957
580
1191
336
507
1081
236
1629
1687
1851
431
912
975
474
1786
1847
1595
64
873
1401
1892
1918
1375
1073
1188
1020
395
1266
191
771
1170
630
168
1430
878
925
857
747
316
1209
1800
1804
1633
856
1353
770
111
1863
1587
671
1453
1773
371
780
1864
497
1348
311
924
1465
1916
420
1883
318
1133
824
1663
340
1995
1244
1721
1014
1372
970
1778
1489
668
1608
656
315
631
677
1870
1094
702
784
782
760
603
876
270
1212
116
1644
453
1609
959
1597
1631
1461
1788
1433
806
1333
303
124
112
881
1034
254
207
78
548
1573
188
1126
940
262
298
1238
1068
284
386
711
26
868
319
1861
1382
1767
708
768
314
1095
140
1868
1176
1970
327
1008
691
1381
1592
1993
486
566
1854
1417
108
938
1561
314
1370
21
1538
1017
1991
674
1246
1991
1068
337
1924
1534
1791
197
1058
37
583
1557
305
66
1838
1751
1936
966
1254
1118
1058
1200
816
635
1926
1915
1595
527
1753
1379
1193
1393
1617
527
1427
460
1332
827
310
1552
703
1470
260
39
1444
703
1467
827
1019
807
1015
254
108
1000
882
383
48
1622
854
1029
500
699
449
1909
968
522
1416
1912
1850
854
114
188
812
1927
946
1364
946
23
1066
1533
128
278
1460
1873
1190
1461
1196
1368
1425
674
1482
1677
942
1242
409
764
1917
1778
1200
1859
1358
369
1734
1878
1830
763
1236
1523
1272
429
1634
1875
919
1821
157
1977
712
176
376
586
500
115
947
789
1124
1592
29
1178
12
1116
214
882
1278
1288
1512
869
482
1091
655
375
1362
120
998
700
482
1641
1495
552
378
708
1677
1701
808
1703
1751
1914
45
835
1596
1040
577
1742
1528
55
1587
1833
1452
29
1836
1259
1425
580
285
1999
862
384
1133
415
1437
1865
855
1924
1802
20
1464
669
1248
48
346
1983
1630
92
911
361
1567
468
1863
61
1811
137
263
812
1867
1382
1709
1053
1699
989
577
1798
281
562
145
641
1022
1764
778
340
1157
203
536
865
980
1474
1572
312
15
1750
1880
1408
874
480
1624
430
1228
1176
1415
1222
878
1625
820
1103
317
238
300
1744
288
118
1262
1142
1428
967
1811
598
1138
1012
846
349
172
1310
401
589
450
1027
1999
1366
1857
422
839
1661
1314
972
567
393
284
1211
969
114
1425
6
1655
1088
1453
729
696
1878
497
1037
368
1160
1437
101
1114
180
1233
1556
292
415
1009
1185
1956
176
59
1352
1339
1898
278
1031
1206
458
1323
1847
1142
1896
1882
136
996
880
833
308
1533
1900
1181
396
872
827
846
642
523
1494
950
1825
388
1517
811
1563
339
1467
1715
212
1047
1875
1671
1672
1296
856
1790
915
1498
15
1827
1798
1062
716
50
1382
1971
1815
28
89
1060
415
1184
279
490
1985
1135
1215
61
1005
1914
1036
1422
448
1639
1509
1580
1139
12
159
905
1350
1774
752
1356
1933
406
24
456
373
1075
961
1299
1330
275
696
909
996
720
635
170
15
1566
536
485
1276
1003
1008
509
1571
1004
1671
1141
811
1071
1960
1936
1597
735
1999
784
1037
745
138
175
1549
1745
533
402
501
1290
126
1656
848
168
1309
1363
1649
601
400
1698
270
1481
752
1880
1703
969
1095
635
1817
18
1099
1877
1043
1290
523
255
1640
1566
1736
1238
1841
1577
858
1030
834
1389
801
1985
399
993
141
1871
1629
1700
67
819
205
1095
1425
440
407
1979
206
1092
278
1128
1683
1161
396
628
1411
1249
1914
1089
477
340
1773
1564
612
74
446
1989
510
1655
289
1688
902
252
1134
1068
888
248
1447
1392
538
956
663
1200
16
726
1565
679
1334
668
900
1391
1056
114
1061
1086
756
315
868
138
448
1209
1324
1990
746
632
1853
718
528
1327
1067
696
1093
281
1071
1486
1722
1278
1190
599
1556
615
1304
908
1061
952
628
653
783
1759
132
619
1267
1908
1665
1468
1324
295
1697
314
63
1070
130
363
1784
1886
1114
786
1177
443
744
686
467
528
47
1634
817
432
936
433
417
1337
328
610
668
1355
281
812
1905
1747
1246
1176
577
1379
1012
452
41
1364
129
891
1703
932
283
279
152
589
1462
1138
332
1509
1406
770
1120
1646
1761
973
1644
256
87
13
1056
234
271
943
309
21
1925
917
569
1139
1978
1355
498
431
918
1573
1514
222
1794
1941
660
1274
802
756
1141
1133
284
578
150
1012
127
1870
57
561
1486
1306
1400
762
158
100
900
1438
1965
1368
92
1025
1717
625
1502
41
1357
1491
850
1018
1907
292
1543
31
1630
1108
787
1348
1654
1986
1405
1579
813
769
1654
360
1664
1790
992
1110
1817
1718
577
1997
53
1783
1343
33
1535
204
371
669
1011
177
931
1456
968
1929
604
490
1712
220
964
226
1234
1159
1886
726
1853
499
1003
1034
1583
1953
1810
39
717
147
993
208
1246
1040
1437
820
665
372
57
431
1091
276
443
136
1061
1428
800
516
768
742
180
990
1295
1380
1952
1408
5
1175
946
823
741
910
1785
255
695
228
1673
371
187
605
1909
942
1445
1233
1834
1709
1063
775
141
576
949
1456
221
190
11
1569
638
1783
1487
157
471
1766
30
430
874
1146
1716
468
49
1064
1596
1434
221
419
1418
684
624
1251
586
1818
1127
461
1328
1689
1876
1973
1240
1645
1869
604
1093
1215
647
1518
1261
1113
1303
385
31
542
1608
798
1052
191
1165
1290
989
1965
432
834
533
1335
688
1458
16
1228
1785
117
997
1332
562
1257
1446
1380
1395
310
660
488
1898
291
940
750
198
1237
1591
1962
1240
1335
1610
1032
455
1930
140
376
1156
1385
528
85
1367
1014
430
1369
424
283
441
1949
706
1816
878
139
201
1758
1256
988
30
886
454
1880
1222
1643
7
1880
1731
497
1846
644
775
651
402
1998
1566
599
375
1706
207
1215
872
1213
1157
1404
306
1668
679
1628
1519
1652
285
1389
1819
1670
823
1884
624
1644
1460
792
135
928
1963
1350
1500
368
1869
590
1691
1833
1728
198
963
1990
966
1445
601
157
1250
819
182
81
945
811
671
1963
1865
299
487
1522
570
1923
591
1435
288
1257
1737
1133
1949
923
370
1681
1525
1101
952
1556
1778
452
44
918
1731
680
1064
1225
1752
640
1738
412
940
1193
432
875
1183
1850
1618
811
809
1297
398
1940
1887
1287
1922
1349
1929
126
26
495
896
1455
1288
730
144
586
630
192
690
927
557
339
1550
979
394
1401
1429
1197
228
1670
1247
48
566
1813
658
712
1257
1212
1586
1730
754
1378
1287
1735
1003
1671
1729
131
1632
536
1986
1680
879
1431
1589
384
1405
1807
1199
451
1140
343
584
393
1027
638
31
97
1696
1684
1819
1965
1523
1792
1249
142
881
528
1207
1142
735
802
1923
1486
941
662
1310
1521
997
1884
1759
1435
1794
779
98
564
1369
208
1394
301
1335
952
724
1753
1430
561
1032
922
220
1985
1654
85
1096
524
72
111
537
1765
98
1211
1577
961
689
1179
1481
355
809
516
1971
85
620
1908
198
293
515
178
1088
1997
1036
1007
1371
1632
