876,1482,1482,1911
1161,115,211,1219
618,618,1795
1813,397
1973,494,134,1754,380
246,1795,1402,970
102,1795,1402,970,970,1388,1388,1652
1,355,1075
1044,1266
992,1632
1754,134,134,494
469
335,1223,1795,19,1131
190,1795
469
1089,661,661,1465
1216,1909,1909,661,661,1993,1834,1834,1852
1309,1141,1141,1219
1633,1627,1627,1219
1291,661,661,397,397,1536,1536,1992
1219
537,1219,1687,970
1257,19,1795
469
1009,1009,1219,1687,970
1629,1773,1773,661,661,1573
1364,1388,970,1402,1795,631
1224,593,1219,1219,82,514
1368,264,685,301,877
1008,1219,1687,1687,1582,1834,1834,1852
1566,854,1754
1482,834
1219
1658,854,1718,1687,1219
1373,355,1315
877,301,301,1405
451,1795
1219
948,1482,186,186,1338
1459,355,1075,1075,857
1219
1219
1670,638,247,55
1598,1223,1975,631
1741
1219
1219,1687
1958,1502,1795,631,1351
207,247,1795,1402,970,380
26
499
258,1547,617
-1
734,734,1919,1919,1547,1547,1445,1445,1256
1078,974,878
1471,1579
-1
883
-1
1233,465,465,593,593,473
-1
-1
-1
1957,1811
1713,1111
519,159,159,1159
1871,1871,191,878
909,177
608,1616,689,1547,1943,1943,82
883
689,1547,1943
1293,1111
1897,635
943
-1
348,1642,1642,1262,878
531,1179
1867
1975,1975,1671
929
943,943,1547,1547,473
438,1579
1563,1111
1975
1221,1111,175
1256,1616,689,1547,1943
-1
-1
143,143,1919,1919,1598
1062,1919,1919,647
-1
-1
1807,1111,883
-1
591,591,1579
68,1262,1838
943
98,1111,883
-1
1654,1111
556
1629,813,1489,1003
1057,571,883
798,508,1780
1489,1003,706,706,1228
827,827,206
1269,149,149,1733,1733,305,305,971,971,115,115,343
1489,1579,1579,494
1560,1489,1003
302,818
339,1991
610
1150,1489
1835,1835,1433,1433,1625
1564
1013,305,305,619,619,1195,1195,1489
236,1820
1381,1921,1579,1579,619,619,1835
610,1489
-1
1292,1388
820,1474,1474,106,106,494
565,907
988
-1
1812,1474,1474,754
1489,1579,1579,619,619,1835,1835,569
1326,186
1489,1579,1579,62
333,1733,1733,305,305,971,971,115,115,343
-1
770,1502,1502,1489
-1
-1
252,638,638,115,115,1489
1489,1003,1003,1563
278,979
1489,1003
1489,1579,1579,619,619,1835,1835,1097,713
189,305,305,971,971,115
516,571
463,979,1843,1843,1055
286,1266
1169,1169,971,971,115
776,695,1895
-1
1403,827,971,971,1921
-1
1489,1579,1579,1487
121,841,841,1921,1579,1579,619,619,1835,1835,233
1612,1084,1084,1210,1210,494,926,926,110,110,182
623,191,191,926,494,1366,1366,1210,1084,1612
220
1038,773
-1
864,221,377
377,220
823,110,110,470
792,1245,1245,339,1084,1612,1612,996
335,575,1727
1656,852,1612,1084,1084,1939
1084,1612
-1
418
315,1335,1335,1522
1179,953
575,191
1631,575,1727
1109,1109,1504
1302,343,343,1925,605,605,272
1913,926,1646
1923,1639,1639,575,191
1612,1084,1084,346
1524,1356,204,1612,1084,1570
439,1925
1084
1084,1612
1241
377,377,1401
825,1541
1847,62
1669,575,191
1570,1084
-1
320,587,587,926,494,1366,1366,1210,1084,1612
1084,1612,204
1612,1084
821,1778
1753
-1
90,110,110,926,718
302,638
1515,1925
220
598,62,62,1523,1523,1001
379,1529
1806,1438,1151,191
1047,926,926,110,110,1766
399,737
1084,1612
1509,1509,969,969,1531,1921,1097
1003,667,1675,1675,1383
341,341,17,17,1222,1222,1642,274
1166,422,274
1387
1973,1973,17,17,1222,1222,1642,1714
1006,665,341
1649,1865,1001,1001,749
1714
1138,1714,1714,1642
657,193,193,593,1097
274
253,325,325,969
418
199,1003
1202,974,974,211,1387
1878,667,667,593,1097
990,186,186,1138
105,105,87,87,1038
667,1675
1649,1531,1531,969,1509,1365,1749,309
483,667,667,1939
759,571,571,593
948,492,492,1714,1714,826
1343,335,335,115,1387
211,413
1637,1637,17,17,826
1387
105,1509
554,1714
1973,1001,353
341
319,1541,1541,749
1865,1001
341
1153,341
1865,341
1227,1003
1976,1748,1748,1820,1820,1646,955,1509
1795,547,955
1439,1210,1210,1714,1714,1452,588
1097
1718,1138
372,274
1926,667
1395,1003
955,1945,1365
1692,1038,1038,87,105
1509
955,309
1468,179,1313
1486,179,1313,1313,593,593,1993,789
1977
318,1335,1335,1401
1811
1650,1401
826,731
161,179
1591,731
1583,1259,1313,1313,1993,1977
1401,1993,1993,179,1475
1280,1919
580,1804,1804,731,353
1345,529
983,983,1199
787,787,179,1313,1313,1993,789
395,17
439,731
1012,731
936,1632,789,789,1525,1525,1069
1398,1401,1401,1993,611,611,638,1934
224,659
734,911,1811
789
789,789,1993,1993,179,1475
229,179,179,1718
814,179,1313
99,1083,1083,645
1271,1271,1631
789
280,1559
789
651,651,1401,1401,1993,515,515,335
651,651,69,69,1921
306,954,651,651,1401,1401,1993,1993,551,911
397,179,179,62
789,789,1993,1993,179,179,1646,1646,1852
406,550
651,651,1401,1401,1993,1993,1559
1735,179,1313,1313,1993,1977,651
38,1406
789,789,1081
651,651,1401,1401,1993,611,611,638
1231,179,1313
651,651,1401,1401,1993,1993,119
903,1401,1401,1993,1993,179,179,494
261,1401,1401,1993
1977
1201,179,1475
1042,1646,179,1313,1313,1864
66,1162
621,1241,1241,1939,118
654,654,1306
1888,605
377,377,1939,118
220,970
374,191,970,610,610,778
1023,551
377,377,593,593,790
-1
624,1921,1871,1871,1919
1487
1342,115,115,1925
298,1846
1302,1950,1950,471,471,219,219,1125
283,1631
455,1775,623
1398,438,438,1306,1306,1122
-1
497,1541
661,193,193,1639,1639,1122
1487
-1
1361,1541,1541,1241
67,331,331,1925
1198,191,1919
-1
406
-1
1665,1047,1047,1306
696,82,1594,1270
-1
1558,1198
145,197,197,29
1487
1323,1583,1583,1042
732,1162
11,1541
1271,1637
66,1162,1162,1459
825,1541,1433
-1
487,1122
60,402,298,1846
1306
1487
81,635,1487
1596,1162,1846
1020,1162,1162,115,115,1925,605
522,1170,1170,1162,1846
1309,1295,1295,62,62,974
626,206
-1
-1
1842,10
392,799
823,1327,31
1386,1162,1162,1327,1327,913
895,1543,1543,681
330,330,402,298,895,1543
-1
769,1295
175,175,1201
463
895,1543,1545
1327,67
747,789,789,429
941,581,581,1438,1438,1554,1554,492,1452
-1
1543,895,895,402,402,102
1271,1655,1655,1438,1438,1554,1788
901
-1
1700,1222,463
1925,1169,1169,1511,1511,1502
-1
1638,426,1378
-1
376,1804,1804,1842
1055,206,1591
-1
1714,1222
-1
463
355,1295,638
891,1811,1811,1438,1438,1554,1554,876
597,1365,901,901,1295,1295,206
1471,1471,1201
1471
462,1410
1510,250,250,690,690,858
13,1375
463
1451,494,494,422
10,1327
1543,895,895,1554,546,492
1476,1162,1327,67
67,1327,1327,1554,546,492
1384,1201,463
1726,1811
676,494,575
1293,1633,1633,1070
506,1622,1622,1070,1871,1871,211
1785,1785,337
1895,1526
523,1070,206,1934
1446,494,575
309
604,1642,1642,1978,1978,494,1790
1799,1799,494
734,590,590,979
366,294
118,494,494,1921
1063,393,1785
1498,494,1790
1704,1245,525,525,337
1176,265,1790,494
-1
1032,1245
-1
360,1245,525,525,494
575
1473,1507,1507,494
1101
1790
1661,398
575,575,337
195,555,555,477
1328,494
575
-1
1785,1785,571
1293,494
-1
720,1245,525,525,1294
1006,934,494
1893
921,1893
1101,1101,1725
1734,1702,494,494,935
1613,398
1995,214,214,1978
295,1510
1411,214
494
494,494,1507
-1
725,1523,1799,646
-1
530,1358
1586,1855,1855,1999
821,821,1631
270,1199,1199,1633,73,1225,105,105,1209
415,415,1855,1855,670
649
415
902,422,422,1582,1582,1855,1855,415,415,1266
-1
228,1338,415,415,1855,1855,1966,1966,358
1258,1222,1222,1635
378,1582,1582,1855,1855,415,510
-1
1209,1545
1465,529
899,402,1212,244
1383,1855,1855,1966,1966,790
339,1855,1855,1966,1966,1654
1109
1109
1109,1109,1453
908,1855,1855,415
821
415,510
1690,1855,1855,1999
1122,186,1109
884,1820,1820,1855,1855,415
59,1884
1109
-1
389,1361
1851,73,1109
1825,642
649
821,821,1126
1225,1041
1516,1222,1222,142,1109
1109
1253
1722,1855,1855,1966
-1
-1
1109
786,793
-1
-1
1109
363,1855,1855,670,670,626
1109
121,913
1561,1817,821
1666
198,426,1090,1666,1247
1229,47,47,422,998
1039,1631,734,86,1382
1289,1087
858,402,1090,1666,1247
479,479,347
1577,1523,1523,1199,1118,1666
857,587,587,263,1118
1090,1666,1666,47
815,86
1247
576,635,203,815
-1
1954,1090,1666
257,1775,1343,1666
1181,587,587,263,1118
-1
1666,1118,1118,263,263,587
1090,1666
1666,1118,1118,1199
1343
1485,203,815,1666
-1
-1
1118,1118,1199
-1
-1
1090
684,924
1343
550,298,1090,1090,418
-1
1049,203,86,86,338
621,203,203,580
998,998,422,422,203
-1
1090,1343
86,86,338
-1
1090
359,335,1343
-1
1419,1335,1335,63
1985,383
890
-1
1343
1118
1846,838
420,492,1722,1398,1398,1249,1249,809
1686,438,438,335,47
1630,1646
-1
1965,1777,1673,1673,869
1752,1777,241
784,1383,1398,1722,1722,780
1247,1631,1631,87,183
1922,206,206,1646,1966,438,1686,1722
1267,403,1190,290
956,206,206,494,494,343,343,1281
1345
438,1686
1969,1249,1345
1969,1249,283,1398,1722,1722,348
1045,1777,1777,107
1099,494,1190
457,1249,1249,1921,1531
1686,438,438,286,286,1646,1190
1249,1969,809
755,755,218
102,102,1531
1001,1919,38
470,1766
755
916,548,758,758,1646,1966,438,1686,1686,348
102
476,1514,1514,206,206,1646,1966,438,1686,1722
395,998
-1
-1
1686
390
-1
303,1438,1438,1646,1646,218
916,548,758,758,1646
1220,206,206,494,494,343
950,343
470,1766
-1
73,187
1750,286,1190
1860,204,1254
1190
1615,1759,1686,1578
102
1686,438,438,286,286,218
102
1766,470
102
1862,1862,1222,1606,1702,150,798,555,1041,105
217
479,479,1634
479,479,1766,1862,1862,634,634,186,1338
684,1518,1518,1383
1575,753,753,361
1309,1041,555,798,150
1702,150,798,798,1635,1635,465
893,371,371,506
1599,222,870
1867,1225,1225,1041,1419
-1
1836,47,47,1225
1585
931,1225,1225,1041,555,798,150
200,362
890,890,86,86,1310,1310,275
831,1383,195,195,1441,1963
1599,222,870
150
787,1225,1225,465,465,1281
-1
905,419,419,86,86,1478
446,1031
185,635,1310,1310,86,86,902,890
801,1515,1599,222
1702,150,1599,1599,219,219,1845
1433,587,587,1667,1667,1634
840,1920,150,1702
439,1225,1225,1245
1980,1635,123,1905
390,222,222,1635,123,1905,1585
-1
-1
1599
1814,1814,1631
-1
150,1662,1662,339
1382,1382,263,263,1403
1382
1903,335,335,1634
798,150,1702,1702,578
1629,1513
809,123,222,870
1017,219,1599,150
152,123,222,870
783,695,695,1633,789,789,192
763,47,47,38,38,1366
1657,409
217
1665,1659,1659,211
1474
676,1266,1266,474,474,87,87,1281,1281,633
1591,1015
247,1511
1895,979
301,1504,1504,973,645,1513,1513,193,1555,1555,403,403,1763
645,645,1531
359
1790,575,215,215,1923
1474
-1
359,359,385
-1
54,335
1774,346,1762,1474,1474,338
462,1145
1474,1474,818
1555,1555,953
-1
1114,1474
1309,973,325
1533,1504,1504,1837
1474,1330,325
645,1513,1513,193,193,403,403,1763
359,359,193,1513,645,645,1981
285,429,645,645,1222
33,979,359,359,758
325,325,1981
1538
-1
9,1150
1115,1345
1275,1905,1401,64
215,1223
645,1330,1474
645,645,285
285,429,645,1513
1538,1538,1754
359,359,1507
1564,818
325,64
1513,645,645,1981
359
215,215,979
1120,973,1401,1401,393
359
1466,818,1474,1474,1642
1979,1642
1538,322
239,1919,1919,62,62,1642,1714
1682,346,346,571
61,979,979,346,1714,1138,946
-1
-1
146,346
1893,921
1997,1388
1162,1666,1714,1714,1642,1642,1582
1101
-1
1876,1642,1642,1582
1714,82,82,114
202
1714,1714,193
-1
1548,979
471,147,147,1635
598,982,982,438
202
291,291,339
-1
1155,951
757,790
291,291,339,339,1459
176,1245
219,1470
-1
921,1749,1365
-1
548,1852,1852,346
1489,339,291,894
202
146,1245
1155,951
1106,481
906,348
611,1923,1155
1811,1923,1155
-1
1784,1852,1443
1443,1443,339
478,1155
723,1959
1523,183,183,1335
-1
-1
1155,951,202
1875,1623,291,339
791,346
1672,385
1698
63,529,529,709,709,1525
603,471
-1
1753
557,1753
1177,1177,331,331,1507
856,1609,1609,206
531,1335
589,1393,1393,331,331,775
1618,250
1825,1753,1493
856,1609
-1
691,1554
1828,858,858,822
330
535,709
520,1069,313
1753
334,1047
1393,331,331,1507,1507,1554
1569,1011,519
-1
965,859
1636,1582,1753,1493
1258,1582,709
1842
1753
1753,1493
-1
1601
1670,335
-1
1768,325
769,1155
10,10,1642
164,834
431,1554
1327,1507,1507,529,709
313
1850,1631,1631,1493
1904,1753
-1
-1
1537,673
1928,1753,1753,331,331,1507,1507,1554,1788
1328,1753
1025,673,673,1493
750,1734,934,998,278,278,1622
551,161
968,479,479,1622,278,1510
1391,695,1457,853
1748,890,462
1862,1862,854,758,479,599
551,161,161,571
1614,462,1407,1479
462
1398,462,462,969
1774,550
462
503,395,1217
1457
551,1457,1897,1897,457
1407,462,462,1012
1038,462
1186,682,682,1574,422,551,1457,1609
141,1457
907,5
-1
1518,294
646,646,422,422,1199
314,263
-1
1407,462,654
593,593,571
161
1366,998,278,278,1622,479,599
65,263,1574,1402
433,1201,1969
462,654
815,167
462
1407,462,462,1338
1758,462
298,854,758,758,1775
462
813,1993,1993,1457
179,1199
932,1490,1706,1706,1199,1457,1609
1862,1862,854,758,479,167
161,161,1199,1199,1370
212,338,338,911,1105
-1
593,593,1259
1799,263,1402
1955,1199
646,646,302
161,161,830
128,1817,1969,7,319
543,318
1616,221,1817,1817,1777
928,337,337,250
341,89
111,1635
-1
416,1817,1969
712,337,7,319
1338,910,910,7,7,1817
1701,581,5,1817,1969
1817,1529
180,7
467,1739
281,1241,1241,912
1915,1627
968,1817,1969
747,111,255
1056,813,543,318
478,478,7,967
1996,1372
961,457
557,1817
1745,1817,1969,7,319
1933,1753,1753,1529
1445,1733,1817,1969,7,319,478
581,89
-1
1504,635
147,111,255
478,478,7,7,1993
7,319
311,1139
-1
641,961
-1
-1
-1
543,318
1459,339
-1
1845,177
1664,1817,1969
569
730,7,967
1614,111
7,319
1140,543
1093,1745
55,1171
908,1388
119,211,555,1041,393
749,557,557,969,393,1851,267,267,343
898,1498,123,123,465
267,1851,1851,393
267,1851,1851,393
267,1851,1851,393,969
1508,343,555,555,465,1209
-1
1455,1851,1851,393,969
1311,1635,123,609
629,969,393,1851,267,267,343
267,1041
267,1851,1851,393,1833
1580,428,284,267,1041
-1
-1
568,393,1851,915
716,284
1033,265,1225,969,969,1905,123,123,1635
820,1851,1851,393,969
267,1851,1851,393
555,1041
267,1851,1851,393,969
1041,555
205,393,1851,267
1041,267
90,1010
284,267,1041,1905
1074,1383,195,987,987,1905
470,758,758,1358
1225,1225,1851,267,267,1207,1207,1358
-1
267,1851,393
609,267
-1
1041,267,1436
609,267
123,123,465,1209
1997,1905,987,987,195,1383
609,1436
1351,1851,393
989,1851,267
1453,1525,1525,1851,915
61,1525,1525,1851,267
920,1041,555
421,1851,267
1021,1851,1203
1041,555,683
1669,1905,987,987,1491
1466
1291
-1
1009,1801,1801,1531,1291,467
361
361
710
398,422,1574,1574,1531
-1
1291,1547
710
1574
458,106,106,346
571,523,523,1939,1939,1187
470,422,1574,235
1466,1466,422
1466
-1
1009,1945
267,1582
235
-1
-1
710,235,361
710,235,235,1993
-1
1291,467
710,235
467
710,235
1225,1585,235,710
361
1051,835,835,1939,211,211,235,235,1225
1574
361
1451,299,683,1835,235,361
710,235
1225,1585,235,235,346
1466
710,710,626
235,1574,422
1153
710,235
999,422,1466,1466,780
856,1504,1531,235,1835,683,299,1451
235
1563,1527,1153,361
1153,1225
361
710,235
694,454,1862
603,1635,1635,46,1606,250
1862,454,454,1855
1499,587,694,694,634
1011
694,454,1862
1593,593,593,759
1348,1342,415,415,1167
689,571,571,759
1011,1011,1635,1635,46
819,1993,1993,1245
379,759
-1
984,72,72,1245,525
420,910
1700,1774,1774,1921,337
1774
116,46,847,847,393,393,477
863,339,339,759
1774
1774,1786
454,454,1855
1532,1978,1606,1606,1855
1222,1855,607
694,1606
1785,1635,1635,1279
847,847,1635,1635,759
786,1650,1011
1606
998,934
1039
57,1635,1635,46
1484,49
1279,847,847,1635,1635,759
1770,1207,1207,193
597
415
-1
-1
1941,759
63,423,423,1875
443,759
725,1625,934
1097,1921,1531,1531,759
-1
1927
856,1504,1606
1434,246,1011,1011,593
123,177
1051,463
861,1909,1909,661,661,805
-1
977,1338
1674,252
1687
1651,150
-1
-1
1409,1523
-1
870
717,661,661,1465
-1
1687
388,244,150
169,219
549,85,1237
1425,85,1237
-1
150,150,643
-1
-1
-1
580,196
1042,115
-1
-1
1655,979
685,685,661,661,1993,1993,211
125,629
469
1171,931,1822
438,870
-1
953,661,661,181
113,199
-1
438
980,1783
1051,1351,1351,1338
-1
-1
-1
699,1387
498,1338,1171,139
1117,1941
731,1783
1856,1351,1351,1338
1171,1651
-1
883,883,465,465,1245,192
948,595,595,1921,61,1312,1312,576
684,595
195,523,523,1921,1921,688
1330,1978,1978,979,1696,1696,1936
595,483,807,159,1914,1914,1266
-1
595,483
1312,61
1230,595
1911,595
730,1455,487,487,595
1896,1920,1245
1383,595,595,587,587,203
1526,465,465,1245,336
68,1652
610,1978,883
-1
312,1920,1245,741,741,465
1408,904,389
803,1941
1671,1671,595
159,807,807,595
807,595,595,1111,1471
972,1718
614,1502,595,483
974,62,62,465,465,1245,192
-1
1128,1245,1245,465
98,1582,1582,465,465,1245,192
519,595
126,595
345,1657,1312,1952
-1
1749,681,1312
-1
1190,313,1312,592
969,1111
1567,1662
463,883
1696,1696,1945
1312
505,1945
-1
595,483
623,465
1471,883,595,483
878,465
915
-1
858,1626,1626,186,186,823,823,1939,1939,1625
692,1646,1646,1285
1676,250,814,127,199,199,183
817,1375
858,1626,1626,186,1198
1829,431,431,1646
957,507,507,183,183,1995,1995,969
1423,1423,186,1626,1146
1508,1069
778,1978,1214,1214,359
908,1646,1646,503
1145,431,431,422
1742,1070,1070,1646,1159,1159,1639,1639,183
814,127,199,199,183,183,192
-1
1597,1459,1459,1803,507
1239
568,969,1239
1579,559,1462
-1
-1
1370,1718,1718,1646
284,1286,1286,259
507,183,1198,1198,186,1626
398,398,1070,1070,1646,1646,1879
1214,1214,359
1223,431,1214
205,1646
1703,1223,431,431,1646,1646,1070,398
814,127,199,199,45
1295,1646,1646,1718
1397,1803,507
299,1939
814,127,199,1011,219
788,161
888,1795
1198,1198,186,1626
814
1115,1365
1062,1358,1646
1355,1367,1223,1223,1646,1646,1718
1646,115
1675,991,991,910
1214,295
398,1070
45,127,814
1196,1331
1134,1070,1070,1507
622,1486
1783,343,343,1727,1727,1070
1717,1669,1669,1777,1777,974
1717,229,1849,1849,337
1669,1669,1777
1669,1669,1777,1777,1438
1719,1335,951,951,343
1192,1525,229,229,1777
18,87,951,951,337,1849,229
1916,1777,1669,1669,1277
506,1642,1642,690
1691,115,115,339
1660,1842,1842,102
1386,87,951,951,337,1849,229,1141,1141,701
524,375
1825,1047,1047,303
1519,1554
1717,229,1417
1988,818,818,1993,1993,661,661,1261
1848,492,492,82,82,1642,1642,1622
1693,661,661,1993,1777
1669,1669,1777
983,1777,1669
1669,1669,49
1698
1062,1639,1639,375,1491,1491,1281,1281,1545
871,115,115,1777,1669,1669,701
229,1417
1383,519
810,1777,1669
1698
10
1849,1849,337,1383,519
270,1642,1642,1266
1717,229,1849,1849,337
362,775,775,1527
1559,1554
843,375
1383
235,1639,1639,1554
1669,1669,1777
1486,1486,1554
1495
1698
63,337,1849,229
1669,1669,1777
838,337,1849
1227,1635
49,1921
710,775,775,375
55,55,1639
1698,604
1914
1549,1285,1745
710,1070,449,1609
777
820,1158,1158,87,1945,1189
1158,1594
259,406,406,294
626,1210,294
1290
614,335,1097,1609,1609,1689,1113
281,1217,1217,335
466,1914
1745
484,494,494,1313
1207,775,775,1702,1702,1911,1911,1137
1745
1745
1978,1582,1582,449
409,731
1745
908,1502,1745
637,1689
1039,406,406,294
1845,1911
294
1745
1481,1217,1217,1631,1631,884
1265,1625,1625,1217,1217,587
1612,1582,1745
844,1158,1158,1911
1829,1217
649,649,393,393,471
1197,1911,294
449,449,1507
1745
525,1911,1702
1834,1646,1745
1232,1113
1907,406,406,294,294,1518
594,1775,1745
1113,1081
1872,1911,1158,1594
1378,298
1113,1945,1745
318,87,1257,1081
-1
1745
1702
764,62,1745
1745
633,465,465,19,355,1363
785,1219
1788,474,1219,1363,1363,1285
275,1646,106,1666
695,1646,106,106,564
1851,19,355,1363,1363,49
1806,1806,1245
1961,593,593,355,1171
1427,1507,787,19,811
1219,1363,1363,593
1982,1982,1502,1502,1646,1754
1582,1231,1687,1219,19,811
1090
1401,355,1363,1363,265
273,787,787,1507
1167,1975,1399
1730,1294,1687,1219,19,1131
1687,1219
907,211,1219,1219,474,1626
1219,1363
1710,1647
1251,1806,1806,474,1626
1405,19,1795
1368,753,753,355,1363
1219,1363,1363,49
994,566,566,587
1219,1363
1134,158,446,1795,19,1131
236,1294,1687,1219,1171
-1
355,1363
472,1646,1646,1510
1219,1363,1363,265
1360,1536,1536,355,1075,1075,593
1090,1666
1272,852,852,748
1603,1795,1795,302
1275,787,787,1939,1939,587
1687,1754,1946
1135,1795
933,355,1363
1315,1363
1298,1294,1795,631
1363,1363,1433
1862,1862,1646,1646,1433
1806,1806,474
2,1862,1687,19,811
1688,1363,1171
1129,1363,1171
728,1363,1171
727,691
1223,1799,1799,1919,1982,1046,1046,626
-1
997,1591,1799,1583,1583,110
1224,581
1591
1992,1633,1591
1223,1799,1799,1919,1982,1046
1118,1919,1799,1223
1841,1555
-1
1937,1123,1123,265
1713,1507
446
347,1123,1123,1105
1217
1799,1799,1987
1223,1799
248,884,1118,1919,1799
-1
181,1201,1591,1982,1046
1415,1987
1591,1217,1217,989
-1
-1
725,691,691,1525
1460,1478,1118
1591
-1
-1
-1
59,1987
1409,1987
1591,215
1118,1118,691
1799,1799,1987
13,1591
1701,1123
596,1478,1118
186,1194
1799,1118
1591
-1
1892,1478,1118,1118,691
-1
1591
1591,1118
1724,1982,1982,691
-1
302,911,1799,1223
792,909,909,801,1827,1827,1962,1962,18
405,1406,1406,854,1858
288,1125,1125,1515
319,775,775,1635,1635,1515,1065
1957,1569,1569,822
-1
1005,1569,1569,1515
1858
1773,1515,1858
329,329,1502
1858
1841,1841,1406,1406,854,1858,1858,643
1564,1858,1399,1399,1291
1858,1858,1383
589,1717
1430,1852
1796,626,626,491
1237
1858
1858,1858,926
1858
1740,1737
1237,1237,1569,1569,1515
1324,474,474,1515,1065
877,1717
1564,1858,1858,1515,219,1353
1210,922,922,1515,1065,1065,1725
1788,1291
905,905,1406,1858
739,1927,1858
1947,1065,373,1357,1357,1645,1645,1088
1353,1237,1141,1933
1517,1733,1733,191,191,1852,1852,852
1858,1515,1065
329,329,1406,1858
1885,1141,1141,191
877,1717
168,219,219,723,723,1635
1402,1106
1178,1631,1141,1885
1563,1527
824,1316,1858,1858,343
1858
886,634,1858,1858,1406
1863,203,1237,1237,273
1858
1717
1858
1717
1065
1852,1852,1474
918,854
1046,1622,174
1669,1993,1993,211,1372
1038,1302,150
1263,759,759,219,219,669
360,813,597,597,777,777,609,609,1406
362,362,1730,1730,1628
92,1910
202
150
788,1631
1761,507
1336,753
1780,1730,1730,362
1124,422
1512,1222,1222,1642
33
219,465,1041,1041,571
603,177,177,969
1445,1733,1733,465
-1
1287,465
1801,753,753,129
870
531,422
294
-1
1629,693,693,777,777,609
1671,465,1281
1806,870
1628,1730,1730,362
1947,669
165,753
201,753,1833
-1
984,1632,1632,1930
1281
710
1914,1372
1281
252,206
507
-1
33,33,422
683,777,777,1497
997,1934
340,778
1073,1582
-1
1935,1911,1911,339,781,1709
497,1631
731,1631,1532,1868
236
253,1777
-1
1555,1507
1548,290,794
1111,1507,1195,1964
1532,1868,716
1856,211,211,775
783,1507,1507,1842
1136,1717
1194,114,642,642,588
1195,899,899,1070,1070,422
1964,1964,474,114,1788,1788,1356
153,177,177,1921
830,259
115,1195,899,899,1070
244,1356,1788,114,114,474
678,1531,1531,277,853
1152,1201,1201,263
1964,1964,1639
826,1222,547,1843,1843,1717,205,205,1645
956,794,794,643
-1
1532,1868,716
1385
-1
410,547
1166,335,335,697
49,263
1284,1716,1788,114,114,474
1300,1356,1788,114,114,474
-1
236,236,794
1094,1923,1923,1911
781,781,1061
1933,1933,197
1062,1775
758,1843
159,1639,1639,263
-1
-1
442,263
86,474,114,114,924
662,335,335,115
379,571,1051
1860,1788,114,114,474
1708,1228,1612,204,204,1788,978,978,1659
1342,1342,474,474,924
31
1312,61
618,1266,1266,514
384,480
-1
1079,1462
1774
625
1683,1335,159,127
130,1342,159
730,1774
580,1228,814,478,159
1340,1222,1774,730,730,28
721,61,1312,1952
814,895,1543,571,1057
1554,474,1774
1385,337
721
31,463,463,115
61,1312
721,61,1312,592
721,61,1312
384,480,480,192
974,1939,1057,1057,969
478,159
1057,1057,969
1937,1201,1201,393
1952,1312,61,721,1185
1774
1774
433,433,1435,1435,1507
807,190,1774
571,1057,1057,969
867,289,289,1633,1633,593
127,31,1327,1327,913,61,1312
1312,61,721,1729,51
1342
-1
433,433,859
190,1774
61,1312
61,1312
1774
1855
595,771,159
1729,1435,1435,1507
1774,1774,1438
789,384
61,1312
1083,1083,705
1263,1815,1815,339,339,1905,1905,1725
1479
261,1767
188,1474,1330,1330,1210
1024,357
1732,1012,1858,1546,1546,1978
605,1921,1767,963
1767,759,759,1197
1945,1210,562,1858
89,1978,1546,1858,1666,1666,1938
1858,1330,826,1402,710,710,986
1858,562,562,1210,634
1606,562,1858
1767,759,1083,921,921,597
188,1474,1114
1921,183
188,1474,1114,1798
261,1767
826,1330,1858
1330,1474,1474,1052
1330,1474
764,1474,1330,615
68,1474,1330,454
1364,1474,682,358
1474,1330
1721,1114,1474
615,1767,759
1089,1767,1767,1459
708,1428,1858,1330
562,1858
219,1767,1767,1635
1928,1114,1474
1474,682,1222
1767,759,921,1893
87,1767,759,1785
489,1767
1858,1330
615
562,1858
1474,1330,1574,1574,1622
1330,1474
1067,494,1330,1858
1474,1114,1798
1299,1767
1767,3
114,1500
1047,87,87,1459
1259,1114,1474
1637,265,265,843
854,494
1673,313,85
1673,313
30,391
1908,391,871
144,909,909,1515
633,1569,1569,1515,723,723,1635
1997,1569
1108,1822
1327
1224,273,273,705
313
1327
356,1646,1646,1635,1635,1515,1515,693
-1
1303,1663
884,1646,1423
1721,305,1115,1907
103,1879,1879,1169
456,1573
1821,219,1515,723,339
313,1115,1907,1907,1199
1593,305,1835,1879,1879,463
1829,305,1115,1907
1570,103
248,191,191,1433
-1
1101,1569,1515
806,638,638,1639
94,103,1879,1879,737
1179,153,153,909
1842,391
1015,1015,1169
1519,835,835,737,313,661
103,1879,1879,737,313,661
1543
1663,463,94
612,391
1001,305,1835,1879,1879,463
1907,1115,313
793,1569,1569,1611
1835,1879
1910,1502,1502,1639
1823,259
326,494,1327,1327,426
683,683,1646,1646,1924
1115,1907
1202,926,1423
901,1569,1515
313,313,62
2,1082,1082,1478
376,710,710,1646,1646,1507,1507,1225,537,789
1225,1257
1541,593,593,979,979,775,1999,1999,1002
384,1833,1225,1585,1585,193
365,1939,1939,775,1999,1999,1002
415
783,1633,1225,969
801,969
1526,926,926,1923
337,649,393
1927,159
484,422,422,62
1196,1574,415,415,1002
1707,1923,1923,271,1574,1178
1976,1748,650,326,326,1934,638
1178
786,786,471
1178
705,1225,1585
724,422,422,1070
576,1082,1082,1826,700
619,649,393
944,1070,1070,422
1776,1833,1225,1585
1095,1135,1135,775
1298,1298,1070
1992,793
816,1833,1225
1662
1337,1576
1028,1574,415
855,969
217,537,789,789,1920
1344,217
7,1225,1689
421,753,753,1857
1178
537,789
88,969
1884,1686,1686,1927
683,649,393
936,1320
786,786,1110,1110,969
650,326,326,974
1574,1178
1381,1531,1531,343,847
732,1254
819,649,393
684,1686,1686,1927
215,1943,871,871,346,346,178
1500,402,402,1943,215
147,1923,1923,1639
495,455,110
1916,1718,1151,1799,1223,1223,979
1557,1207,1822
743,974,974,1286
208,1733
1799,1223,1223,1507,1507,393
1543,647,1799,1799,854
1822,1822,343
1822
1436,1583,1799,647,647,886,886,1798
1904,5,110
1979,1799,1799,1502
-1
1614,1614,910,910,1943,1475
1822,1822,969
1706,1487,515
1220,758,758,638,1799,647
1822
-1
653,193,193,339
1822
1822
1822
334,910
986,1583,1799,1223,1223,979
1814,1583,1799,647
215,1943,439
1874,1487
1504,1525,1979,110
192,393,753,1822
879,1027
1223,1799,1799,638,638,758
647,1799,1799,1070
1536,1753
1822
647,1799
398,1583,1799,1223,1223,979
-1
1893,1753
1257,1513
1129,305
215,1943,871
1822
1822
1609
1822,1822,193
996,1943,215
99,1639
89,133,601,601,1003,1779
506,758,1934,575,799
1790,1295,1295,1507,1507,1921,625,625,1285
-1
1905,217,1489,1489,571,883
1737,917,917,245,245,221
1500,402,402,335,47
632,1295,1295,87,87,1335
1477,917,917,245
1858,1222,1222,926
-1
274,1489
1790,575
392,917,917,421
0,221,221,917,917,421
1887,571,1489
797,601,601,1003
752,601,601,571,883
1075,1921,625
1583,1921,625,625,133
369,1785
920,601,601,1921,1579,1579,926
1652,1295,1295,1921,625,625,133
533,601,601,1921,1579
1228,1642,1642,206,1622
367
367
724,1642,1642,193,1489
1489,1579,1735,1807,1807,1502
367,367,1790
568,193
6,571,1489,1489,813
1489,1003
1378,1718
-1
29,881
661,1649
1438,1489
1669,917,917,245
1687,1934,758
1735,1807,1807,1502
608,917,917,421
1040,601,601,1921,1579,1579,1790
1523,1489
784,1921,1579,1735,1807,1807,206
575,799
1489,1489,571
780,1502
1129,133
1670,1406,1406,49,505,505,1081,1081,1905
1301,1081,1081,1905,1905,759
936,336,336,1765,1045
1547,1943,1943,62,1070
1404,974,1502,1502,629
301,613,613,1297
1467,347,1547,1943,1943,62,1070
95,335,719,719,49,505,505,1081,1081,1905,1905,147
1788,1030
757,1216
1011,1011,1905,1905,1081,1081,1477,661,661,221
154,1786
360,1197,1197,1557
625,1591
969,37
85,1777,1777,1646
616,1591
1938,1266,1266,1030,1030,1547
-1
380,1718,1718,1547
1940,974,1502
154,154,1547
177,759,1551
-1
352,1149
1570,346
427,1646
1511,1547
154
1657,1657,1591
986,49,49,213
-1
852,402,586,586,1852
27,1943,1943,1502,1502,758
-1
1321,1591,154,154,186
-1
-1
1949,1631
903,606,606,1158,154,154,1547
154
546,1030,1030,1547
5,1943,1943,287
363
1216,1621,505,505,49
68,326
828,1030,1030,1547
-1
-1
1010,326,326,1547
660,876
1518,1518,195
906,1383
1112,1733,479
1475,407,407,830
1140,890,314
1343,47
1481,1639,807,1518
230,422,998,1366,1366,910
1893,211
-1
826,447,447,1531
798
110,1775
479,599
1676,263
1518,807,807,1639
471,1639,1223,1223,47
73,1523
943,1123
998,278,1622,1622,1775,1775,581
867,1383,222
1591,1639,807,222
890,710
798
1118,1118,1199,1199,1523
903,1383,1518
1967,419,419,479,758,854,1862,1862,1642
1511
293,479,758,854,1862
185,479
1612,1311,1311,1383
909,1659
1912,447,447,393
285,47
1742,47,47,211
814,1198
1934,1199
798
815,167
854,854,47,47,857
1112,1507
1806,134
-1
710
909,1659,798
1594,447,447,1635
-1
647,1799,1799,47
1010,890
1641,33
1637,1861,517,517,1243
613,571,571,818,386
1075,719,719,1631,734
324,911,911,191
1572,780,780,250,250,1646,335,263
486,1631,719,1511,1511,571,73
517,571
1520,1459
1093
191,143,143,910
-1
90,1631
1099,1438,1250,1244,1244,1652
1545,1545,471
359,1631,734
-1
719,719,263,1991
-1
527,911,1487
-1
1972,1923,1923,1605
-1
380
826,1646,335
65,923,923,263,1487,359,359,179
770,1631,719,1511
1189,1801,1801,811
1631,719,1511
719,719,263
-1
2
1545
1400,1766
1631
1135,1605
1189,1585
1487,1487,263
1679,911,1487
1487,1487,263
1621,1801,1801,343
429,1585
-1
-1
179,107,359,1631,734
500,1657
738,1631
794,1490,380
-1
1748,426
1718,494,67,1747,1873
433,433,931,329
1702,1138,1714
649,865,865,67,67,1502
-1
67,1747,865,649,649,192
56,1406
942,1243,433
-1
-1
67,67,343
384,865,865,931,931,1721
768,1243,163
931,1747,1009
-1
281,1507,787
971,1939,355,865,649
931,1747,577
-1
1714,1714,1646
1714,1714,1646
931,1747,1873
1297,793,1009,1009,1639
933,91,811
18,1207,1975
954,822,1975
-1
197,626
1570,418
426,1207,1207,1507
1714,1138,442
931,1747,865,649
1714,1714,1646,1646,923
-1
-1
-1
931,1747,433
1854,1975
931,1747,1009
845,203
-1
1714,1138
-1
433,433,931
1727,923
1570,418,34
1138,442
-1
592,227
926,923
1846
273,402
-1
1290,1122
530,1138,1138,1246
1716,82,1594,1594,910,1961,1145
962
1413,1383,1383,1306
1162,1162,910,1097,1097,497
1097,1097,775,775,150
496,1817,1817,1865,1649,299,623,1919,38,290
266,1058,1058,1919,623,299,299,1649,1865,1817,133
1766,1682
1797,339,339,534
1250,623
1588,406,406,1923
1145,569
1162,1162,910
1682,1766,470
1742,1649,1865,1097,1097,193
1954,1855,1855,1939
1893,1865,1649
1614,1207,1097
1840,863
188
962
214,1865,1649,947,947,1631
268,1631
1829,1631
661,193,193,1639
233
662,398,470,1766
37,1865,1649,947,947,1631,1334
962,962,406,406,1383
1247,1649,1865,1865,1993,1993,969
-1
1001,1001,910
1961
815,1649,1865,1865,1201,1201,177
387,1921,1097,1865,1649
944,637
861,1285,1285,1865,1649
910,1554
1309,1817,1817,1865
29,101,101,1631
1001,665
947,947,335,1586,1634
-1
1097
1270,1270,105
658,1846,1678,1591
1591,619
50,1406,215,1619
1323,401,401,215,215,638
1027,1027,1707
323
215,1619,619,475,1561,1273,505,505,969,753
694,838
1629,813,813,1045,661
661,505,1657,1009
-1
661,505,1657,1009
215,1619
1849,1273,1657
1027
1846,1678,1591
694,1630
635,215
393,694
632,910
694,1630
1198,1678,583,1591
1591,1591,1390,1390,694
-1
1591,583,1678,1846
1591
619,1591
694,1630
622
598
1533,1117
619,619,215
619,1561,1273
1957
1591,1591,1187
1144,1502
121,1273
598
517,1273,1561,1619,215
1619,215,215,758
1273
-1
661,505,1009
1322,924
1172,1630
215,1619,1273
924,1390,1390,1615,1615,971
661
539
814
406,294,1407,1407,211,211,619,619,1523
619,1382
1836,911
1407,1407,211,211,619,619,1406
619
1157,1601,43,1407
462,1407,1407,211,211,619
1645,1997
619,1555,1555,1855
362,1199,1199,869
1701,1601,43,1407
1407,1407,211,211,619,619,1406
1407,1407,211,211,619,449
800,629,205
1758,1758,6
1997,1645
449,1825,1825,1105
341
124,1110,1407,1407,211,211,619,449,449,5,1733
1997,1645
1758,1758,6
687,687,87,87,265,997,997,629
1979,619,1555
1110,1407,1407,211,211,619
1407,1110,6
1276,1110,1407,1407,1459,1459,265,997,845
794,1919,341
1670,529
838,838,1110,1407,1407,1459,1459,265,997,845
17,299,1217,341
468,882,1326,1407,1407,211,211,619,619,1919
1115,619,907,907,211,543,543,1470
1645,341,1745,611
619,907,907,211,1407,1110,6
76,1110,1407,1407,211,211,619,449
341
1407,1407,211,211,619
1082,1406,1915,1915,1633
1110,6
1637,1979,619
1645
845,997,997,265,265,1459,1407,1110
1762,1110,1407,1407,211,211,619
1026,1919,1537
1110,1758
596,1406,619,907,907,211,1407,1110,6
1110,1407,1407,211,211,619,449
1298,191,191,529,529,1993
1199,1199,203
435,539,539,1406
1148,1466,1402
1360,283,283,1579
44,1574,1510
351,1622,278,1510
1024,1345,1345,43
919,1635,1635,1659
1992,993,507,507,1923
777,417
1862,1862,854,974,974,1919,1919,263
507,1641
398,1622,278,998,934,934,1222,1222,426
703,1591,1591,503
688,283,283,1579
1279,283,283,1417
1016,1574,1366
1804,195,195,1659
1366,998,278,278,1622
-1
1888,1345,1345,1843,1843,1907
507
520,1345,1345,1843,1655,1367
400,1993,1345,1345,1939
957,1201,1201,979
507
710,1402
1509,1201,1201,1843,503,503,1487
1413,1659,75,1203,1655,1367
302,1622,278,998,1366
757,1210,1210,700
1488,1245,705
-1
417,777
1510,710
134,1366
1245,1009
1840,1843,503,503,1487
252,1699,1291,1345,1129
1785,1659,723,195
746,218,1574,1510
1365,507,507,1038
246,134
1862
835,1723,1723,1201
314,890,1798
709,1345,1699,611
417
862,799,799,1591,1591,1763,1043
418,1348
544,769
134,1510
-1
1310,1502,1502,1438
1192,115,463,31,127
1855,159
584,629,953,953,635
1469,115,463,31,127
479,1631
159
688,115,463,31,127
159,1342,742
895,1471
953
1671,159,1855
159,127,31
159,159,339,339,1317
276,250
1826,854,953,953,629,125
1788,1338
1248,21,345,345,339,159,127,31,463,463,115
1057,571,1543,31
671,1925,629
127,31,1327
953,953,629
-1
730
478,159,159,291
159,478
127,31,463,463,115,115,1493
159,159,1358,1358,758
127,31,463,463,115,115,629
578,1622,1622,638
-1
1186,1210,1210,1209
538,1222,730,730,402
-1
-1
-1
1754,309
127,127,309
1510,1201,553,553,1849
-1
127,21
1855,1855,1887
-1
1502,1438
-1
196,1342,1342,159,807
335,1925,629
-1
164,250,807
1198
1198
1624,571,1126,490
1355,1355,347
1558,766,766,1635,1635,1989
69,1990
1829,1337
1060,214
-1
514,1558,766
-1
269,211
1852,214
1558,766,766,465
1547,215,1754
1126,490
564,1558,766
-1
71,442,442,1266
1862,1862,1646,1235
0,1733,1433
106
951,593,593,1721,1337
-1
1862,1862,1646
1759,442,442,1266
-1
223,1721,5
1558
1108,1522,550
1372,566,566,1511
1066,1126
1256,1616,1616,149,149,1733,1433,1433,593
-1
371
210,1266,1266,442,442,694
269,442,442,1266
382
-1
683,1733,1733,149
1126,490
1979,215,1754
-1
1538,998,998,1646,1235,1355,1355,347
1558
1554,1266,1266,442,442,694,694,1207
1466,242
77,347,347,275
1454,1103,1103,851,1235,1235,1646,1646,1258
1774,1774,442,442,1266
298,298,910,910,115,115,1325
438,438,1306,1306,402
1995,1201,1201,245
1661,869,869,587
398,911,1847,119,503
502
997,1109,1109,1625
438,438,1306,1138
1794,1162,1162,339
1785,393,393,1921,1847,1847,486
1389,1109
1651,1207,1207,1554
1361,587,1846,1846,82
1803,1109
34,1870
120,402,298,298,195,195,45
18,1162,1162,910,910,115,341
502,1438,1438,115
1912,826
503
298,1846
-1
1510,791,503,119,1847,1847,1199,1199,1046
680,197,197,115,115,1594,1594,1554
1061
-1
883,70
1109,889,889,1201
461
341
-1
659,1043,755
-1
-1
-1
1424,1936,208,1072
-1
1760,197,197,1594
1834,178,341
791,503,1091
341
408,339,339,1554
-1
319,1258,898
1847
1109
1637,1429
-1
791,503,1091
1847,1655
1011,1851,1729
332,332,1804,1084
939
1084,1612
1546,1639
1729,1729,1993
1423,1639,1639,1297
-1
1626
1194,114,156
1272,588,642,114,1194
1485,1582,1582,1222,706,706,1228
207,822,822,426,1020
735,87,87,1851,1729
201,123,1729
706,220,220,1316
1729,1707
1769,1865,1865,193,699,1707
706,706,1228,76,332
1194,114,114,1452
1462,1131
1623,1851,1851,1502
1153,193
340,1978
-1
433,1729,1729,75
60,1506,210,906
545,681
-1
716,332,76,418
680,634
407,979
1729,433
633,1358
-1
1194,114,156
-1
1729,1425
-1
1938
1084,1612
1938
-1
1729
357,1977
325,613,613,1531
433,1729,1707,519
1084,332
1317,62
42
1229,869,497
-1
-1
845,1438,1438,1222,1222,1642
1147,979
-1
259
156,1591,1591,403
55,1171,151
718,1699
1476,1266,1266,1699
424,913,913,115,115,367
1407
618,111
259
881,1591,1591,799
31,670,670,1591,1591,1763,1763,1811
1975,367
259,259,115
-1
-1
1384,367
126,1635,1635,581
762,111
1474,1642,1642,1567
444,111
1828,1642
1283,1505,1649
170,1619
422,1699
1342,382,382,1591,1591,1619,1409,1409,203
1518,543,543,579,579,969
-1
752,581,977,977,1591,1591,799,1534
1347,195,111
19,195,111,255
543,318
1795
-1
1447
-1
888,1591,1591,1619
994,1591,1591,1619,1409,1409,203
-1
354,1591,1591,1619,1619,581
67,67,367
259
1649,1409,1409,203
780,1591,1591,1619,1619,761,653
727,971
1755,347
275,275,1523,1523,265,649,753
651,73
1159,511,899,971,971,1201,1705
1225,1225,1201,1201,899
1801,1009
1801,1009,1009,483
1683,1227,1227,1801
793,793,1201,1201,899
793
1237,899,791,791,1934,1622,1622,1748
263,1247,275
275
647,1151
815
1223
793,793,1201,1201,899,1223,1223,1582
1223,1223,1582
-1
899,899,1799,1799,1055,1406
1055,911,815
1009,1801,1801,49,49,899,899,1799,1799,1055
325,325,1632
863
1009
1223
1009,1801,1801,49,49,899,623
710,62
-1
1564,1390
899,971,971,1201,1705
1799,1871
1706,1799,1799,899
-1
793
1915,1187,1223,431
1487,899,971,971,49,1801,1009
1009
1843,1655,791,287
1364,1799,1799,899
1223,431
261,265,275
145,433,1801,1801,49,49,899,899,926
1586,1799,1799,899,971,971,1201,1705,1705,1189
793
457,1187,1223,431
741,1201,1201,899,1223,431
275,371
1223,431
791
269
838,1939,1195,475,475,1991
781,1709
475,475,587
187,899,899,1070
1041,1905
-1
-1
68,1406,475,1195,1195,211
1051,1771,1771,1923
270,1775,475,1195,1843
1195,475
1790,1187,475,1195
656,1717,1717,745,187
959,1991,1771,1771,1635
1187,187,187,745,745,53
1580,1406,187
1717,187
1284,910,781,1709
1275
681
475,1195
1717
1820,1934,1771,1771,1635
781,1997
1771,1187
61
1195,475,475,1991
1062,1775,187
1717,187,899
-1
781,1709
1717
781,1709
1717,187,899
1140,481
-1
1717
1717,187,187,1934,1622
899,475,1195,1843
1426,1210,1210,967,967,979
910,115,1195,475,475,1406
884,1934,475,1195
187,187,1775
-1
828,1507,1195,475,899
90,263,1771
1717,187,1187,1187,674
776,205,897
1187,187,697,121
1417,289
803,1633,1633,361
610,566,1646,926,926,191,191,911
1489,1945
1754
1933,1993,625
1755,1523
-1
1603,163,163,393
1275,678
190,1507
632,1294,1294,775
224,1993,625
684,1746,1746,775,1754
1101,1633,1633,1939,170
1605,678
1946,1946,782,1646
1082,1294,1294,1939,1939,1633
56,1993,1993,1489,1489,1383,1383,678,858
1586,1294,1294,775,775,426
1576,1905,1905,678
625,1993
-1
1425,678,1626,1626,874
1009,1009,1777
-1
1009,1009,1939,538
-1
29,1285,1285,969
1009,1009,1849,1849,1525
1275,678
699,1047,1974
1522,298
197,1383,1383,678
1009
-1
1849,1849,1459
1999,1507
519,1543,1754
-1
1421,1285,1285,678
1724,1294,1294,775
-1
1009,1009,115
-1
566,106
134,1754,1226
1737,1395,1395,1146
1513,1939,1754
343,343,1795
691,67,67,343,807,519,519,1038
1485,761,761,1507
1950,1950,759
992,646
1950,1950,471,471,219,219,1125,1125,45
1228,1518,1518,399,399,183,183,219
29,1582,1582,346
1726
-1
99,1635,1635,1507,1555
519,519,1230
519,519,1230
519,519,1923,339,339,1833
1879,499,499,193
430,1879
1818,822,519,807,807,343,67,1555,25
75,367,367,998
799,799,1582,1582,1642
519
378,614,614,1622,430
1252,1518
873,1507,1555
1225,1531,1531,1438
430
1081,1531,1555,421
273,367,367,998
430
1640,931,931,571
519,807,807,343,343,439,1943
519,807,807,343,67,1555
662,758,430,1879,1879,571
1427,1507
430
67,338
831,1230,1950,519,807,807,343,1555
402,1642,1582,1582,1943
935,782,782,854
424,1504,1504,193,499,1555
221,782,782,854
1555
519,519,1230,1486,1198,1198,526
665,931,499,499,1633
1555
-1
1639,1411,1411,367,367,1358
993,1047,1047,1230,1230,952
430,1879,823,823,1363
246,246,1038,519,807,1555
820,1642
1516,1518,1518,1695,1695,1383
1388,818
1935,1383,1171,1171,571,571,337
700,1978,1978,1531,717
191,839
1807
249,343,343,1966
1807,335,911
44,463,463,343,163,163,915
1657,1801
1267,1642
1117,1765
1171,1171,1959,1959,1086
1171,1171,1959,1959,1086
1414,922
1311,483
1167,1167,163,1171,1003,1003,913,913,1285
1807
1407,1479,1479,375,631,343,343,1966,890
1802,193
-1
829,829,1171,1959,1950,1950,426
285,1201
1530,87
1919,935,935,1959,1950
1822,1822,343,631,631,1959,1959,1086
1527
64,256
476,463,463,343,339
1167,1167,163,1171
1762,463,463,343,631,631,1959
117,1989,163,163,343,1822,1786
989,1285,1285,913,913,1171,1635
163,163,1343
1171,1527,1527,87
303,303,1347,631
790,1750
1581,645,645,1633,1633,1079
173,895
-1
877,265
1844,1750,1750,343,631,631,1959,1950
1855,343,343,627
887,1959,1950
24,1824,1824,645,645,1801
829,829,64
1807,1102
-1
77,1625,1625,1591,1102
1563,1491
792,1245,163,163,1207,1207,199
-1
1170,1246
1523,775
321,577,1057,1057,913
1720,979,1177,997
1,577,1057,1057,913,421,1717,1237
1949,1177,1177,913,1057,1057,1243
1962,775
822,1927
-1
1301,761
-1
1314,1927,1927,1285,997
1214,581,1013
1929,795,795,271
1717
46,1507,1507,1285,997
-1
1673,1025,997,997,277
533,1757,1757,1285,1927,159,1662
9,1121
1899,1911,1911,271
1387,1963,1963,115
421,1717
722,1599
806,203,1193,1193,869,1397,1397,1685
396,1342
1850,1631,313,1717
1473,1635,1635,1342,1342,1498
761,1301
1717
876,775,775,1939
708,1342,1342,1138
1733
321,577,1057,1057,913,997
796,415,415,1959
1482,1194
415
497,1939,1939,775,1999
1404,203,41,1877
979,775,1999
758,1358,1358,1438
752,25
822,1927,1927,1285,997
1717,421
536,1177,1177,913,1057,379
210,1246
1717,421,421,43
415
415
299,299,1939
299,299,1051
299,299,1939
299,299,478
261,1203,1203,211,211,713
299,299,1939
652,316,316,82,1914
1992,1203,1203,211,211,785,785,1285
-1
1230,1939,1939,785
-1
1207
1259,1619,1619,1507,1203
490,1259
964,1876
1163,1163,494
1325,1222,1666
1666,1666,1222,1222,713
680,211
299,299,211,211,195
1386,1939,1939,785
482,854,854,1646,1646,757
27,1859
1666,1666,1222
875
227
1207
1666,1666,1978
912,211,211,713
-1
1807,346,1666,1666,564
515,1642,1666
-1
1090,1666
299,299,1939,487,159
1293,1507
141,1275
713,1793,1793,1939
-1
1059,211,211,713
1369,1561,1561,1235
299,299,1939,1783,1671
487,1783
713,1793,1793,1939,1783,487
1968,463
1027,1027,1563
1027,1027,1939,1939,785
299,683
930,402,402,1324
1666
1763,1763,1591,1591,151,151,574
1056,1833,574,574,1222
1364,854
1655,151,151,574,574,1266
1716,1642,1642,1978,1978,854,854,1748
583,583,323,323,179,449
1763
574,583,583,1591,1591,1763
1410,1266,574,583
1239,1163
1035,403,403,1763
1756,1266,1266,1338,519
1658,854
1763,1763,1591,1591,151,151,574,574,1338,1338,426
574,583,323,323,179,449
519
1813,337,337,1582,1582,758,1910
1226,854,7,7,1639
892,1993
856,976,976,1699,1699,1163,1163,5
1079,835
660,1210,1210,854
1682,1874,1874,854,583,583,1591,1591,503
302,1070,1070,1646,1646,1582,583,583,1591,1591,503
650,854
1910,1910,758,1718
596,1718,1718,1582,1582,115
1575,1163
1283,1591,1591,151,151,1087,1087,854
1382,1622,583,583,1591,1591,1763
834,42,519,519,339,339,1833
1483,179,449
-1
1330,753
691,1163
1534,1006,1678
1148,854,854,1921
519
1309,1699
519
574
449,179,1475,1475,43,1933
-1
-1
1950
1364,854,583,583,1591,1591,1763
1763,1763,43
519,519,42
768,1163
449,179,1475,1475,43
1188,1388,874
-1
586,586,1852
-1
1822,154
878,1775,953
1327,1327,154
1385,1385,1939
154,1786,1786,773
586
377,377,1991,1775
1882
1136,154
1255,154
596,1852,874
-1
-1
1882
449,1739
20,1406,953
508,985
1671,1882
959,1358,1358,1222
1673
874,874,1852
154
311,335,1882
-1
389,521,521,1978
-1
154,1786,953
238,773
1068,402,154,1030
40,1523
1796,1852,874,874,1383
154
586
828,1030
953,953,761
323,154
586
1164,1162,154,1786
1882,1882,335
-1
-1
154,1786
154,1030
154
333,437,437,521,521,154,154,190
1733,521,521,154,1671,1671,1729
280,211
47,375,951,87
1089,1515,1515,1635,1635,919
634,375,951,87
246,87,951,55
580,1804,1804,761,869,365,365,1949
255,87,951,951,577
1953,115,951,87
956,375,951,87,1047
1949,365,1301,1301,1429
962,375,951,87
1799,375,951
490,1783,951
1301
64
767,375,951
546,1506
1788,1783,1711
579,1635
553,1054
918,638,638,375,951,951,1518
558,375,55,55,775
1301,1085
988,375,951
874,112
700,375,1491
1844,375,951
1297,667
1135,1495,951
-1
1310,375,951
915,163,163,211
519,483
519,483,483,193
696,1783,1783,1523
483,523,523,571,1921
318,375,1495
1993,112
1966,375,951
1726,1639,1639,375,951
440,375,1491
1000,1939
1699,375,951
865,379,595,483,519
483
1783,1635,723
1123,375,951
630,645
752,1504,253,249
1551,375,55
1874,335,335,1757,1568
574,574,1622
922,1757,1568
1082,1471
806,1934,1934,494,494,1471,1471,1639
992,1109
992,1541
-1
-1
-1
-1
1460,818,818,1471
-1
530,1471
574,1438
992,1109
1188,1471,1471,343,343,1077
971,910
1447
1626,1159,173,992
458,1471,1365
958
232,1757,1109
923,587,895,895,607
1393,1393,1718,1718,92
850,1786
-1
923,587
1365,645
1605,1459,1459,1639,1471,1534,1534,494,494,1934
718,1006
428,238
580,1228,706,706,335,47
-1
-1
151
572,1471,1365,384,480
563,1365,384,480
1522,1459,384,480
1541
1994,854,854,1471,1471,343
1471,574
-1
238,430,430,626
-1
384,384,1545,1545,183
-1
475,461,1136
-1
-1
1728,581,1591,907
1608,1201,1201,791,1811
1005,876
1845,211,211,791,1379
727
1799,1943,1591,907
727
954,1138
1591,1591,1507
1945,1079,1079,1283
286,346,1084,1612
-1
822,503
727,1591
1943,1943,1639
1010,1946,134,1366
1591,907
1612,1084,1084,1222
943,871,871,1991
1159
1308,1308,910,1159
1591
1591,1591,912
1591,907
727
1084,1612
1574,1366
849,876
1799,1943,1591
1366,1574
295
1591
1862,1862,250
1489,791,1379
1159
214,502,1159,1223
1989,177,177,791,1379
1165,1834
1591
1081,791,1811
1159,647,1799
507,791,1811
789,791,1379,1379,1925
1159
1591
928,1195,1195,791
1308
1159
1453,791
1159,647,1799
57,57,1461
-1
1693,13,13,758
1476,882,1915,1915,1633,1633,1905
420,780,780,1595
362,1406
1341,1461,57,57,1833,1833,49
1297,1921,1339,611,611,206
1179,1929,1929,1905,1905,1921,1339,1339,758
928,13,611
1022,263,263,1595
611
1065,1545,1545,1905,1905,1633,1633,1847
924,348,348,1228,1804
1476,882,882,510
1277,510,510,1746
1642,882
515,515,335
357,1401,1401,49,1991
-1
1545,1545,1905,1905,1633,1511,1511,775
1339,611,611,1718
611
179
439,1615
191,345
57,1497
611
611,1339,1339,1329
418,823
611
-1
1545,1545,753,753,1777
-1
-1
-1
-1
230,1622,1622,910
611
515
1002,1652
611
-1
209,1043
1905,1545
1511,49
611
611
616,345,921
263,263,1595
1394,1034,782,782,211,211,1833
1616,1625,1625,638,638,1718,1718,1186,1186,1546
331
427
1079,235
-1
1453
1034,1034,1718,206,206,911
277
1577,1639,1639,550
1627,1291,1291,1639,1639,550
68,1820,1142,494
1430
1237,421,421,1985
550,1198,1198,1639,331
906,348,550,1198,1198,1639,1639,211
1560,1525,1573
629,62
455,979,979,1639,1639,550
589,1657
85,937,937,343,343,550
278
1618,1466,782
944,301
201,1075,211
1546,1042,170,170,1358
327,1335,1335,85,493
468,82,550,1846
331,331,1639,1639,550
168,1075,211,211,1466,1466,700,700,1912
427
81,263,1631,1631,206,1718,1034,1394,1394,1634
1651
1805,587,587,638,638,1718,746,1682
1651,331
-1
331
854,1525
585,211
1846,550
1846,1846,339
161,1525
331
550,1198,1198,1639,331
546,402,550,1198,1198,1639,1639,211
1651,1651,1939
1503,1939
782,782,211,211,1639,1639,550
1438,602
1558,1558,775,331
1486,910
272,1285,1285,1777,1201,1057
1648,337,575
598,1558
76,1474,575,575,337,337,1504
625,625,1777
1616,1777,625,625,753
625,625,1777
773,49,1057
870,591,771
598,1558
716,1622,1622,1070,1871,1871,337,337,1725
1776,337,337,1070,1070,1622,1622,1634
252,1634,1634,1750,1462
247,343
437,913,1057,159,1806
1047,1923,1923,1201,1777
138,159,159,913
380,1750,694,159
302,1070,1871,1871,337
1475,1633
575,694
1671,1671,1833
1176,1201
241,1201,1489,1045
215
235,1633
625,625,1777
93,591,1806
1558
1208,1750,694,159
598,1558
1135,1135,1201,1777
1462,1614
1799,337
555,1633
1172,1750,598,1558
1135,1135,1201,1777
1794,159,1455
494
243,1847,1558
1546,694,1455
1044,598
276,402,402,598
1546,694,159
625,625,1777
865,1777
1330,551
1851,1633
704,1777,1201,1057,667,1135,1054
517
66,474
1626,1626,474,1009,1657,1273,1561
1102
63,505,1957
1561,1273,505,649
1102,1102,346,1714
274,130
1535,1991,1561,1273
795,87,1806,1138,1138,1466
274
121,505,649
238,1966,1714
1138,1138,1658
843,1923,850
1853,593,1102
1138
1561,1273,505
1102,1102,682
-1
1102,1102,682
1273,1561
824,1316,1316,274
1657,1273,121
1102,1102,1714,1714,798
274,1930,1102
1102,1102,1318,1318,92
1922,1606
668,370
22,22,1714,1714,1626
121,505
1412,274,1806,1806,1815
500,370
428,1606,1102
1498,1606,1102
1561,1273,505
1806,1806,1266
1318,1102
1318,1102
274,1662
418
1582,1231,1102,1606,682
517,121,121,283,283,931,1606,682
484,274
346,1102
121,505
1318,121
1806
1066,682,1606,1102
370,730
1681,230
-1
449,1979,1681,1093
1088,1897
289,1867
1003,211,211,1118
-1
601
808,346
1603,997
270,997,997,1928
1928,272,1897
-1
-1
-1
992,1664,1897
1671,926,926,398,230
972,950,470,470,1622,1622,1978,346
903,87,87,997
-1
1892,1681,1093
-1
-1
1620,1499
756,950
804,1635
-1
-1
517,1681,1139
203,1235
227,1811,1235
70,133
1803,1502
174,997
398
-1
284,108
1910,1910,1358
980,1681,1681,997
1897
1681,517
1113
205,1033
1897,1681,43
1736,1033
1681,43
-1
601,1681,43,43,1358
-1
1046,542,542,1072
1879,1879,1201
1365,1365,193,193,1502
1374,115
1879
778,1222,1222,115,115,1353
-1
-1
1023,193,1509,957
1256,761,1559,263,263,1919,1919,974
190,115
1667,1667,263,719
-1
-1
1415,1679,1679,1067
1320,1201,1201,636
1045,1201,1201,1502
1268,474
-1
1825,206
1075,943,943,1919
-1
1139,263,1631,1631,206
598,193,1509,1509,1632
263,1487
1185,1833,1509
939,1281,1281,943,943,494
1057,943,943,1358
1509,1509,1777
1127,1777,1365,1749
1836,206,206,1987,1987,49
1591,1123
-1
270,1222,1222,474
719,263
1365,1509,1509,1833
1945,1502
1365
1667,263
1509
-1
76,1978,1978,142,1438,151
-1
-1
1446,1270,1270,1879
1154,1358
-1
-1
1548,206,206,1987,1365
1156,358,1654,1509
-1
1105,1177
753,1383,1686,282
1861,205
1110,714
1737,1222,1222,376
1072,193,193,250,562
133
287,1790
1233,1659,1790,1151
946,1138,1714,790,350
1790,1151,1151,635
1714,790,350,926
344,1993
377
1714,790,350,350,335,335,1775
714,1254,1254,747
128,1232
1790,1151
952,250
889
1716,1978,350
1236,1978,350
1162,1666
830,1790,1790,1507
889
1398,1722,714
1415,575
1349
889
345,250,562
485
1861
1339,1222,562
889,1745
1790,1502
714,390,390,1335
1790
1398,1722
418,250
1503,1146
1790
771,1777,889
1429,1061
377,889,102,1722
485
803,575
1660,1222,1933
1961,1217
1398,1722,714
1790,1151
1134,1991,1549,1549,1920
-1
-1
-1
415,415,494,1070
-1
-1
-1
1165,1905
498,678
415,415,1855,1855,1966,1966,818,818,1652
1333,265,265,638
386
355,339
-1
1902,415
1041,1855,1855,1966,1966,538,538,818
1106
-1
1526,926,415,1194,114,114,1452
1194,114,1788,1788,1356
-1
105,62
-1
-1
141,335
176,1920
326,1070,62,62,913,1837
4,292,1250
-1
-1
1115,1633,1633,721
1983,415,415,1855,1855,670
-1
-1
1188,818,818,538,538,1855,1855,415
415
-1
1837
-1
415,415,1855,1855,1966,1966,538,538,818,1964,1580
1682
1020,426
-1
1953,635,1194,114,642,642,588
-1
1682
325
-1
-1
-1
1882,48
1844,1438
7,7,1639,1639,1047
7
-1
353,683,683,574,574,402,402,1524
727,574,574,1266,1266,876
1058,1058,195
-1
771,238
1389,393
1322,1438
1058
7
574,574,571
310,554
-1
471,1639,1639,238,238,634
-1
528,1531,1531,1266
-1
238,238,337
1372,1222
454,336
1058
146,393
238,1735
1245,393,1174
1833,526
238,583
7,1543
1699,574,574,526
-1
-1
1614,238
1058
1174,1174,852
1058
1875,238
782,1459
22
596,1460
1649,827,827,1087
179,1087
1831,238
793,526
238
238,7
238
463,463,1207,631
350,62,206
1543,895
1490,1934,1934,926,926,1471,463,463,1207,1207,969
1186,682,175,175,1777
1889
31,1327,67,1507
378,494,1646
1413,1459,1459,1207,463,1471,1534,575,575,191
463,463,1507
838,1582,350,350,1502,1502,1031,1031,1283
-1
1445,857
175,175,1507,1507,1232
1168,1069
1543,895
175,175,1834
290,1622,1934,1934,926,350,350,1438
1543,895,478
1776,969,969,1207,463,1471,1534,1534,62,206
-1
1822,1438,350,350,1502,1502,1031
67,1327,31,31,924
895,1543,1543,339
578,206,62,62,1471,463,463,1207
-1
302,926,350
1543,895
463
127,31,1327
895,1543
878
-1
31,1327,67,1507
-1
-1
-1
1543,31,127
1139
1543,31
1471,1534,1534,926,926,1934
349
1543,895,1342
175,175,1399
463,463,1201
350,926
1964,1622,1934,1934,926,350,350,1582
902,1934,1934,926,926,703
895,1543
1334,974,974,926,926,1471,463
1141,1141,1531,487,159
1933,1141,807,1887,1887,876
1141
868,1455,1455,1939,691
1453,877
998,863,215,1843,979,1455,622
159,487
487,1455,622
1624,1936,1936,231
1887,1671,1671,979,1843,1843,62,62,1718
1135,1135,979,1843,1843,206
877
1237,1237,1625
331
1885,1141,1141,761
1365,753,1455
1868,1622,1622,1502,331
1141
331
1455
1151
1455
454,46,807
1868,1622,1622,1007,1843,979,1135
1887,1671
1790,575
1316,1820,1820,854,1070,487,159
1237
-1
575
1922,1439,1671,1887
487,159
1671,1239,1239,1635
229
1151
1887,1239
229
1455,1455,863,782
359,1151
1887,807,739
159,487,575
1887,1671
-1
1151
229
159,487,575,1790,1790,916
1662,1239
1141,1885,1885,400
1748,206,143,487
1425,974
1502,854
1298
819,116,116,1052
1542,822,1182,1182,191
652,76,844,1484,1484,530
-1
1844,753,393,393,1245
-1
1298,1298,1196
507,1545,1545,393,393,1921
844,2
1717,494
1877,263,263,1730
44,1642
76,844,1484,1484,753,393,393,21
1802,46,46,471
1905,217
1397,121,1833,1545,777
346,1446
393,753
-1
534,1758
534,1974,1974,910,910,854,1622
777,393,393,337
1484,844,1612
393,777
129,1083,1515,687
1484,2,650,1082,1082,1838
206,422,422,434
393,393,21
-1
-1
837,985,985,1113,1113,309
-1
1292,1531
1286,236
1612,844,1484,753,393,393,1461
393
486,1851
792,1245,393,393,1507
393,393,1317
-1
393,753,753,474
76,844,1484
1484,2,650
1182
777
786,786,1395
777,777,1401
650
1331
1008,192,885,1257
1693,397,1835
85,505,1547,1547,911
85,793
-1
240,1765
1547,623
1477
567,1283,1331
203,1523,1331,1331,775
376,1642,634,1869
397,397,1921,1921,1438,1438,1430
1331,1955
397
1331,65
1547
1752,1477,1477,775
1539,1633,1633,969
1749,768
1592,808,397
863,295,295,115
1045,1909,1909,1504
1869
1547
1336,1477,1477,1491,1491,471
519,343,467
683,683,627
1551,1639,467
397,397,1453
-1
467
1193,395
883,1531
1331
1547,1943
467
1331
1042,1438,1438,115,115,1465
1264,397,397,1916
467
657,571,683
1847,1907,1331,1331,775
943,115,397,397,1133
1547,1547,1652
885,885,393
1547,1943
1547
1547,1547,1244
1996,1547,1547,1721
745,265,1707,1815
1364,1388
741,1959,1959,1222
-1
1276,1059,1059,699
528,1959
1388,1222,1222,1059
1130,1059,1041
1862,1059,1059,795
572,631
298,1059,1059,699,699,1777
955,1707,1707,1959
141,1959,1959,1094
-1
1146,1038,1038,1047
1173,1959
1707,1707,1959
1518,87,87,1947
1707,1707,1047
-1
1587,1587,87,87,474,474,1266
1712,843,843,1959,1959,346
8,1525,1525,1513,1513,843,843,195,303
463,775,775,1059
1124,346,346,1059,1059,699,699,577
-1
15,195,1041,1041,969
273,1959,1927
1012,1059
1237,649,649,843,843,195,519
228,1047,1047,699
956
927,183,183,843,1041,1041,1945
1536,195
187,1339,955,1707,1707,1959
609,753,753,325
174,1911,1911,699
1387,1959
1707,1707,1959,1959,775
378,250
1815
1160,1513,1513,843,843,1959,1959,1642
774,1851,1851,865
1707,1707,1959,1959,46
1674,1978
1437,1959
1442,530
1833,843,843,195,1815
956
1705,843,843,195
1104,494,494,422,422,722
-1
-1
1483
237,753,1891,1027
1658,1658,422
-1
-1
523
631,415,415,1266
595,595,753
1230,314
1027
1051,1483,422,422,722
326,326,722
1927,739,739,969
1495,1495,775
1658,422
1780,1210,1927,739,739,1905
1164,1015
1658,422,422,265
871
1292,1658,422
422
-1
523,739
422
1286,1286,938,938,1634
1578,1210,1286,1286,938
1926,1027,1027,1153
1286,1286,314
1286,1286,1370
1084,46,1495
1495,1495,775,775,1222
-1
-1
1495,1495,775
-1
1190
417,186
739,739,1153
795,739,1927
871
422
871,871,619
422,422,722
-1
-1
1639,1495
1996,1051
959,818
1394
936,264,816,1408,1408,1573,133
1771,1993
1094,242,754
1674,242,754
1353,377
1078
1300,1459,384
1950,87,789,384
34,818,1394,1394,1991
551,1631,1631,242,754
1248,1581,1581,1633,1633,1915
889
1713,393,393,377
133
673,673,1925
889
889
1104,1365
889
1555,953
-1
-1
1580,827
419,242,754,754,1978
133,661
1343,242,754,754,250
101,889,1033,1033,399
564,260
889,889,193,193,195
785,1106,1106,1852
889,1033
1029,377
1433,827
282,889
230,242,754,754,250
256
1394
225,1923
1366
101,889,1033
903,634,634,818,1610
1861,661,661,928
1137,1978,1394
1394
384,384,1317
384,384,1820
377,313
1936,1573,1861
907,1723,1723,337
398,383,383,203
475,1195,1195,1507,1507,559,1198,334
53,53,1069
976,1207,1207,166
1846,823,823,1507,1195,475
1990,823,823,1507,1195,475,475,398
325,474
1830,823,823,1507,1195,475,475,398,398,188
1594,823,823,1507,1195,475,475,398
1933,49
-1
1774,1774,823,823,1507,1195,475,475,1634
-1
148,1714,478,478,823,823,1507,1195,475
475,1195,1195,1507,1507,559,1462
187
1921,265,1709
1518,294,294,823,823,1507,1195,475,475,398
187,187,398
701,853
1305,398
701,205
1051,1051,398
581,1781
944,853,853,969
1091,398,398,674
-1
398,383,187
643,559
1855,1855,823,1195,475,1238
187
187,539,539,398
1764,823,1195,187,1915,1915,1721
1289,1526
398,383,539,187,187,757
1195,475,539
187,539,539,398
539,1051
445,1423
75,1635
1479
1645,205,205,1897
91,492
1051
1903,1111,559
1908,969
-1
1053,629
997,61
1682,1207,1207,993
377
1917,521,521,1207,1207,993
155,1207,1207,993,345,357
1543,1543,773
1936,345,993,1371,1371,1207
1543
1543
1543
247,343
1144,402,993,345,357
1543
693,201,993,1371,1207,1111,89
1155,773
1207,1255
1445,1733,1733,521,1543
1543
1543
1543
1536,345,417,417,1515
345,357
953
1543,1543,773
531,1358,1358,1622
1080,17,1259
1543
377
1543,1543,1626
1543,1543,492
1629,201,993,1371,1207,1255
1543
1543,1543,1358,1358,1622
866,1207,1207,993
-1
993
1543,1543,1502
377,1543
1126,1635,1635,993
423,773
377
533,17,1259
1543
1543
-1
1207,1111
1958,1502,1543
107,773
129,321
993,1371,1207
-1
600,48,768,768,597,1029
1082,1718,1718,494,1651
898,1210,1687
1229,1229,761,1625,1625,1338
839,1733,653,1949,1181
676,643,643,926,206
-1
1512,869,869,1625
1799,494,494,580
921,921,1461,93
-1
752,1229,1229,761
165,1461,957
1095,1625,1625,653,1949,1949,1133
-1
165,1461,93
1568,653,653,1625
738,1502,1502,1923
29,653,653,1733,1733,62
1602,643,643,494,494,1718
1336,653,653,1625
-1
1029,1029,1461,93
1818,1461,957
57,57,597,768
-1
-1
-1
1213,653,653,47
-1
1009
-1
-1
1279,1999
1892,653,1949
1088,653
768,768,597,1029
-1
730,643
-1
244,643
1647,1709
-1
93,93,1461,165
-1
-1
1687
1743,593
1687
1193,145
1185,875,875,1019
-1
732
947,1210
1953,635,635,466
246,875,875,1019
1309,1721
1685
1184,677
349,1438,1330
772,1474
609,1047,1047,1038
1467,857,857,1072
-1
-1
673,1880
1971,1721
1296,677
221,1637
-1
1370,1991,1655
464,5,5,875,875,1907,1655,1655,1762,1762,1228
-1
1721,1415
1546
1252,412,412,1258,1655
1732,412,412,1258,1655,1655,875,875,209
864,875,875,1907,1655,1655,1762,1762,1012
-1
1642,773,1685
1721,875,875,1907
786
263,1559
995,265
1650,1650,426
1559,911
1708,1708,1258
1330,1330,1012
-1
138,1811
1612,1708
724,1138
562
383,775
-1
562,562,1372,1612
-1
-1
1424,1637
1612,204,1356,732
619,1015,1015,1642,1714
1316,274
1714,1714,1210
1879,1879,1642,1714
1403,494
1051,1483,1483,359
1591,1591,1051
619,1015,1015,1642,1714,1714,402
845,1871,1871,338
1483,1483,1079
-1
1925,1502,1502,758
1714,1714,1642,1015,619
1349,1642,1714
1483,1642,1714,1138,946
1844,274
-1
1714,1714,1642,1642,1655
-1
1079,1591
727,1591,1051
274,274,780,852
1400,274
1578,1138,1714,1714,1642,1015,619
388,244,274,274,1642,1015,619
1714,1714,1642
1714,1714,1642
1879,1879,1642,1714
1143,1503,1714,1714,1642,1015,619,1051
88,1438
-1
1556,274
-1
274,418
1138
1138
1714
-1
335,1123
446,1123,1051
1076,62,62,1123
1903,1015
-1
-1
882,1138,1714,1714,1070
1714,1714,1338
-1
1015,619,619,1323
1714,1714,1847
1714
1853,115,574,574,1222,1210,346,1653
221,115,574,574,1222,1210,346
943,1210,346,357,1869,1437
1546,370
1869,357,357,346,1210,1222,574,574,115
1473,346,1210
1930,778,1042
458,1642,357
527,1070,1070,1978,370
-1
1869
-1
861,1869,357,357,346,1210
1749,1749,1659
1615,1210,346,346,402
1598,1718,1718,346,346,910
1286,346
1378,1354,1354,1642
1869,357,357,346,1210
1546,370
-1
1546,778
1534,1006,1006,1210,346
-1
753,1646
-1
1596,1354,778,1042
-1
83,1582
-1
574,574,115
164,494
1472,115,574,357,1869
780,1066
-1
1391,1070
-1
-1
-1
-1
1869,357,357,1004
1596,1354,1546
1869,357
1221,1221,263
-1
32,1357,1357,115,370
-1
1024,1357
-1
1501
149,1397,1205,1717,1141
1377,347,1847,1847,1871,1871,1582
173,557,1997,1549,1549,115,1847
1749
1749,1749,115,115,1775
986,47,47,115
764,1639,357
576,221,461,557,1997,1549,1549,1635
461,557,1997,1549,1549,1635
486,47,1799
1249,1633,1633,789,789,429
1221
667,1509
1896,115,115,47,47,626
628,494,494,1703,1847
119,1199,263,1799
1847
1106,926,926,1703,1847,1847,905
1335,87,87,71
245,1549
721,721,177,1549,1549,557,461
461,557,1997,1549,1549,1491
431,643,1549
1799
-1
806,47,47,115
266,47,47,115
317,461,557,1997,1549
392,461,557,1997,1549,1549,1633
95,263,1223,1223,195
649,91
988,494,494,1703,1847
1904,461,557,1997,1549,1549,1059,87
1832,461,557,1997,1549
680,245,1549
453
910,1703,1847
-1
230,47,1799
1932,1582,1582,1415,263
1240,557,461,1181
1060,485
477,1642
1256,245,1549
-1
94,1459,1549,1549,557,461,1949
1847
1432,47
644,47,1799
-1
1339
460,1110
640,1960
1377,1537
187
202,202,910
-1
1953,1537,1537,1777
649,1633,1537
187
882,138
702,638,1790,1951
1537,1537,265
597,1633,1915
85,1777,1915
1686
1722,1398,1398,87
475,1195,1195,211,211,1639,1398,1722,1722,1290
475
1214,1214,1642
1927,211,1195,475
1858,1642
1537
1578,390,390,1207
153,393,393,1633,1915
9,1537
187
102,714,210
187,187,1775
906,348,348,1642,1642,143,143,587
1537
1572,780,780,1642,1735,1195,475,1385
1617,1921,1339
1537,1537,1633
210,714,102
444,1642,1642,143
1513,913,1537
390,498
714,102
477,913,1915
1212,1642,1642,143
1915,187,1195,1398,1722,1722,1290
1566,638,638,1790,1951
1762,346,1462
1195,475
217,913,187,187,1991
1293,1201,1537,1537,413
1230,1646,1646,1934
1389,913,1537,1313
1195,187,1915
1464,1038,1038,858
1017,775,1543
721,1986
1057,1057,1833
184,92,1586,1658,1658,854,854,1646,1646,1639,1639,1635
1455,1455,1639
1242,374,374,1502,1543
721
1057,1057,969
-1
1057,1057,1833
1704,336,336,969,1057,1057,1934,758,758,92
980,92,1586,1658,1658,1622,1622,926
1872,969,721,337
873,1905,1905,553
409,721
1543,775
96,969,1057,1057,1934,758,758,1676
1455
261,393,721,337
1635,1639
380,290,1658,1658,1646,1543,1455,159,159,1338
180,1884,1788,546,546,1338,159,1455,1543
824,1652,1652,1658,1057,1057,969
1057
1455
1455,159,159,1338,1338,1788,1884
1942,938,938,476
190,222,1455,1455,1639
480,969,721,337
380,290,1658,1658,1646,1543,1455,159
228,492
1448,1585
518,518,92
514,348,1122
311,380
1479,876
310,938
1057,1057,911
409,721,721,393
1931,1139,1235,1235,1639,1455
1857,193
-1
190,222,1455
1455,1543,1543,1646
976,770
936,1632,1632,969,969,859,859,911
1455,1455,1770,1986
332,92,1586,1586,1646,1543,1455,474,1122
-1
1288,805,1177,1321,1511
661
271,1515,313,611,611,494
344,1406
920,1573,1573,1515
661,661,1725
611,611,16
625,1275,795,1515
86,335,515
611,313,313,129,129,1515,1515,1639
1577,1919
237,805,1177,1321,1321,1406
314,206,179,313,313,129,129,1515,1515,666,666,18
795,1473,313,313,1991
759,759,813
1100,1406,313,313,867
445,829,829,277
866,974,638,179,313,313,867
229,1177,1321,515,515,335
1796,335,515,313,313,753,177
313,313,867
313,313,867
611,827
219
1975,559
1004,335,515,313,313,1731
1740,822,1515,313,313,179
488,1406
1515
695,623
1418,335,515,1321,1177,1177,397
1632,1767
701,1067
313,313,867
846,33
313
313,313,33
1991,313,313,1731
266,335,515,313,313,867,867,1038
656,1573,1573,33
1515,313,313,1406
477,805,1177,1321,1559
1515,313,313,179
1872,1557,1557,1767
-1
759,1515,313,313,179
-1
759,1515,313,313,611,611,952
1070,818,818,628
466,242,242,1595
75,1635
889,889,1507
1229,587,587,335
439,619
133,1753
889
-1
528,1504,1312,1312,1069,421
1583,1583,1502,1502,854
1085,1301,133,1753
261,377
1518,250
503,1703,1703,206,854
-1
1229,587,587,335
377,313,313,1993
-1
954,1338,186
480,480,1504,1312,1312,1069,421
1661,1301,889
889
1424,896,1301,5
20,191,449,1861,205,205,736
-1
485,467
1078,1069,1069,1120,1120,1504
814,1622
1257,26
-1
1353,985,1301,221,608
769,1069,1069,1696,1696,208
313,313,1561
1490,70
1882,211,211,1721
1528,1069,400
544,1312,1312,1069,421
1329,343,343,26
-1
862,511
997,430
313,313,1561
213,1833
614,70
375,205,205,736,736,1576
832,16,853
1152,360,1696,1312,205,1861
421,421,115,115,346
1747,26
205,1861
-1
1545
1177,1177,1775,1031
1008,1632,1177
1816,1069,313,313,1070,1286,1058
1274,911,911,115
722,722,910
631,1825,1753
1177
1067,911
1957,1177
842,1442
1641,1977
1340,926,926,1406
1177,1177,1070,1286
1528,1582,1582,709
1710,1631,1055
1990,195,195,1761
33,1329
1329,33
124,1582,1582,709
995,1775
1902,69
1446,1317
1285,331
1382,1631
-1
922,1317
1848,588,588,1317
1946,1946,854,1070
99,1825
1177,889,889,569
815,1571
-1
1629,1461,1545,33,33,1507,815,1571
-1
335
1957,1177,479
1825,709
959,911,911,191,191,206,206,710,710,1514
1850,26
421,331
623,1177,1957
1657,1977
1177,479
1139,911,911,191,191,1502,1502,1642
1177,479
335,935
631,1825
290,1058
1177,1177,1070,854,1946,1946,578
-1
1669,1642
-1
1442,1610
-1
978,1239
-1
1015,1231
1154
1239,591
661,943,943,1919
-1
1310,1262,1838,1838,1718,1718,1642,1642,1452,588
-1
1879
1730,1987,1987,1921
-1
751,367
858,375,1675,1675,1531
1154,1154,1987
-1
1953,41
1567,1387
964,1491
672,1833
1154,1154,818
-1
734,734,1622,1622,1852
1932,1543
1310,1118
573,1041
1239
163,523,523,787
-1
480,1041
-1
1116,375
431,1987
135,959,383,383,191,191,1987,1987,1833
956,422,422,494,494,1987
-1
623,1987
1528,556,556,629
-1
1618,629,629,992
1133,1993,1993,1531,483
-1
1094,230,230,1262,1838
1070,1987
-1
49,211,403
1986,82,550,1846
643
1235,1555,1555,1507
948,492,924,1462,643
1846,550
-1
1254,1254,606
101,1555,1555,1507,1507,51
1722,1398,1398,1383,195
827,1555
1126,1126,1555,403,1051
390,390,679,679,1411,1411,755
755,1555
469,343,343,550
1462,1462,490
-1
1837,910,274
1846,586
1846
1846
1457,1159
1777,1147
150,366
1126,1126,1555,403
1986,82,1558
102
1220,1388,1388,1034
73,1591
1020,402,1126,1126,1555,403,403,635
1591,1462
1953,635
-1
390,390,1038
581,1555
-1
1591
1462,1462,1411,1411,755
1361,1123
1878,1558
936,1632
1431,1687,1462
-1
1959,343,343,1591
-1
712,1833,1833,339,1398,1722
1547
-1
154,1126,1126,1555,403
1846,550
1339,1339,593,593,629
1461,1335,1290,642,642,588
1537,1537,337
634
1680,87,1290,156
1860,1356,1788,210,1146
549,393,393,1921,619
1799,494,494,1258,1258,1642,1194,114,642,642,588
1345,1537
1715,587,1915,1915,265
4,1356,1788,114,1194,1339
1345,619
1083,1047,1047,946
1339
1915,1915,1633
1613,593,1339
1537,1537,1633,1633,969
634
619
1138,1990,1770,1938
1345,1537
619
1345
-1
731,1417
-1
-1
56,1493,1493,1057
1428,1356,1788,114,1194,1194,1642
-1
-1
-1
619,619,337
1911,1923
1595,913
-1
1689,1633
-1
619
-1
1612,204,1356,1788,114,1194,1194,1642,1430,1358
619
1777,553,1345,619
619,619,1561,1561,157
1409,1923
1938,1770,1770,346
-1
200,430
1319,1690,1690,1642
1622,186,1338
1349,1201,667,631,1063,807,1662
807
1436,673
1025
604,274,274,46,807
807
1848,588,807,807,343,403,737
804,1452,807,807,1639
161,161,191
631,1063,807
659,659,1619,1619,673
1672,1531,1531,343,1155
807,1198
1084,46,1671,303,303,174
1657,1657,755
1460,926,1889
-1
-1
1155,1155,46
403,737
255,1671,1671,1531
117,1461
1509,141
1015,604
753,825,1401,1657
1401,1657,1657,755,1187
807
807
807,807,1261
1662,807,807,1401
776,971,835
1051,1051,385
1537,1015
1187
-1
1949,971,971,547,807
630,1671,1671,1210
1657
783,755
1600,1531,807
-1
807,1509,1653
807,403,737
1948,910,807,807,834
807,403,737
1657,1801
1351,1531
-1
770,755,755,1285
1657,1801
442,1738,1738,474
1171,1171,339
615,615,739,1171,1171,1777
97,979,1822,1306
880,1939,1102
229,1531,1171,1171,339,123
1273,1921,1822,1306,474
1306
670,631,631,1635
1822
951,1047,1407
1690,1183,1183,115
755,1654
670,631
631
462,462,750
631,1815,1479
1114,1183,1183,1507,1507,913
451
688,1531,1171,1527,615
1171,1171,1531
1636,1050,462
163,631,631,1654
1171
1223
-1
725,1625,1625,1654
1102
-1
670
1171
670
64,829
474
-1
1822,1822,193
1171,1171,1531,1504
474,1126,1822
670,670,631,631,627
1646,1582
-1
1171,1171,1531
1038,1038,854,1910,1910,878
1866,739,1171
1171
443,115,115,375,1815
1530,739,1171
1522
1171,739,1527
1219,886
768,46
215,1619
1329,1659,1515
1865,425
187,1591
149,1625,857,569
1831,1639,1639,1383
1168,497
619,1591
-1
-1
-1
-1
728,215
669,913,1339,619,619,215
532,1646
383,375
1051,1051,215,215,1706
288,45
-1
1591,1591,593
215,1619
1645,857,1625
475,619,619,215
1051,1591
1515,1515,1884
-1
1940,638,638,422
90,263
842
1366,403,619,619,1201
215,1619,619,619,337
619,1771,1435
619,619,215
888,823
1915,1591
215,1619,619,619,1201
1632,867
281,926
1210,1557,1557,1197
1225,1633,619,619,215
619
48,1963
475,619,619,215
1941,867
1591
219
-1
539
507
807,1507,1843,1843,857,5
691,691,1507,1507,1207,1207,1110,1110,1926
1701,1635
1702
653,691,691,1507,1507,1207,1207,966
792,1069,1205
1038,1038,193,193,1201
-1
771,979,1843,1843,1199,1118
49,43
201,571,571,1199
1038,1038,1207,1207,1507,691,683
1114,634,294,294,831,831,1207,1207,1507,691,683
1038
1038,1038,1207,1207,1507,691,691,1991
486,335,691
768,1525,1525,53
1752,1576,1576,976,1933,1933,1061
1118,1118,1199,691,691,1507
1118,1118,1199,691,691,1507,1507,1207,1207,966
816,147,147,570
1232,805
1843,1939
917,917,277
53,1717,1717,1525
1252,1047
1062,86,86,335,755
1038,1933
1814,86,815
-1
1013,5,857,1843,1939,1939,966
1118,1118,1199,1199,1681
1038
888,1443
1118,1118,1199,691,691,1507,1507,1207,1207,966,966,1228
1038,1038,1207,1207,1507,691,691,1199,1118
603,1515,1515,115,691,691,335,1694,86
1038,1038,1207,1207,1507,691,691,1199,1118
309,1199,1118
479,86,1382,1382,918
-1
774,822,781,1709
1933,1709
-1
-1
53,205
1624,966
81,1267,691,691,1507,1507,1207,1207,966
1563,966
288,917,917,857
114,343
524,524,1222,341,1109
-1
1322,146
-1
1927
1106,538
1294,1543,1543,1603
463,1730,1730,362
1309,1207,1207,1222
1741,343,847
1678,1287
736,571,571,1207,1207,1222
1021,1349
1812,1038,291,1803
2
917
241,1222,1222,146
1927,917
917,917,343,847
701,448
2,322
291,1803,1803,1659,1659,693,45
1587,1383,15
913,193,193,1047
2,2,343,343,1905
1781,343,847
-1
1620,1222
982,1383
1109,1109,1222,1222,866
-1
1676
524,524,343
460,1639
-1
1315,847
654,146
870,1730,1730,362
1172,343
2,1970
1332,882
1772
886,343
543,1047
1543,1342
437,451,559,559,146
1477,1759,1759,1730
1333,1759
-1
1003,1003,195,195,471
1048,1696
830,283
-1
946,102
751,7
390,390,1335
-1
1183,438,1686
1722,1398,1398,87
-1
607
1275,869
1147,289
1147,289
-1
282,1686,438,1183
461,451
621,581,1398,1722
1722,1398
685,1147
-1
574,1183,1039,1039,1543,1543,1495
895,775,175
282,1686,438
1977,1147
-1
1686
1919,283
85,1333
283,1195
1147,289
1065,1147
1686,438,1183
141,1147,1147,593
1147,289
1256,883
1183
-1
1686
1355,283
1496,1315
1578,1686
69,1147,1147,662
651,175
-1
-1
1398,1722
1686
102
1387,1923,1923,1047,1119
928,1525,1525,593,593,779
701,1942
1479
1090,634,634,286,286,1939,1939,1633
1685
1395,1983,1983,1014,1014,634
450,822,822,1047,1047,195
750
502
229,1777,502
684,87,87,1921
899,1430
-1
1616,1301,1685
1750
251,1222,1222,1642
1510,1643,1643,1985
799
1300,1939,1939,337
364,1978
1072,913,913,998
1396,1266,750,750,813,477
750,687,687,111
-1
799,799,211
33,1942
227,227,1643
216,1829,281
258,286
881,1721,1337
-1
1131,1531,1921,1921,1721,1337
1362,1038
-1
1750
389,1337
786,195
704,1807
5,1721,1433,886,886,1266
1903,1207,1207,1383,687,462
247,1721
419
-1
1685
1206,1119,1119,1923,1923,265
1302
39,775,391,391,1007
-1
362,871,871,571
