1632
881
209
882
1289
1394
8
332
417
1881
839
785
1669
947
1811
542
71
1603
557
516
1724
158
1607
579
430
1015
731
1775
741
1006
1211
65
307
1581
984
873
1270
667
246
1389
1604
1814
133
1442
438
616
272
1034
1102
1874
1373
577
1738
1046
754
1069
89
716
245
369
11
1142
597
1669
419
149
1855
716
786
569
1637
280
874
1528
1790
88
599
1621
1727
16
1574
1740
1706
66
1931
1595
466
835
1856
1888
811
1627
242
690
1041
782
997
1696
1408
716
909
374
1455
1454
1343
260
85
213
1151
1251
1872
1649
1854
729
1889
47
615
235
459
1200
1727
851
1994
1781
155
543
197
451
1684
22
1027
695
929
142
643
725
1066
1805
1266
1231
42
1442
525
1493
1367
1787
1460
1241
665
133
1701
1640
1198
1209
224
489
269
629
1128
900
83
157
1567
144
1669
632
288
280
1864
1352
1284
1360
1044
1745
1308
1925
677
146
393
946
1958
1781
1711
1048
352
1615
1270
426
961
1219
1605
480
304
625
120
179
888
1195
1854
289
1129
1654
524
1037
839
1657
1034
287
524
443
1961
1757
161
193
844
484
1309
1148
1624
41
1615
980
1091
1043
1240
1459
305
339
860
1129
465
1118
701
1725
1680
1166
55
653
1000
997
322
1376
364
824
765
1545
875
1715
993
400
346
1828
1164
662
410
384
1102
937
345
105
1782
1167
1414
882
959
1
87
672
1280
1440
1202
1785
475
77
921
1112
354
1969
1956
561
1500
1616
293
1961
1267
1186
861
965
1727
1767
1923
477
1963
1823
1763
1733
523
1661
1760
1895
216
875
959
1752
1243
559
582
1295
1883
193
12
1407
1776
1443
1329
743
56
122
35
287
461
859
697
930
1357
243
1546
340
773
853
606
925
1467
1884
597
1698
1556
1970
349
1050
1235
1964
418
1853
9
1433
1445
389
1512
98
733
1491
588
893
1325
88
349
350
1273
1305
399
248
237
603
889
836
623
1251
1953
459
263
1235
212
1313
141
1793
1092
525
1871
1375
1812
1331
488
1096
1265
713
944
1134
29
1163
17
1766
603
1413
740
1556
271
793
1659
133
1737
1749
393
443
389
662
987
1238
1868
444
1559
783
1722
1935
22
1020
752
1086
453
377
236
452
1209
1256
680
1129
1093
1960
733
1132
216
359
225
579
824
945
611
315
32
1272
1607
233
1983
362
716
655
899
1388
466
702
1570
1635
1228
773
1452
1104
1415
483
1351
1074
1895
7
1116
1222
1790
965
1222
453
406
1103
1193
517
1135
1539
1225
403
382
1865
599
609
1420
482
860
1045
746
112
1940
488
512
658
677
1674
283
403
1589
1438
1118
1140
1615
1379
887
1046
748
1774
805
162
686
1687
181
439
78
1325
462
739
216
116
1872
331
145
1924
422
454
47
302
1058
395
761
394
1190
1277
49
769
1685
899
1231
1898
1179
198
1935
1415
1881
1184
1352
654
1562
373
34
1464
9
886
737
741
1178
1037
410
492
214
1169
1762
1001
1705
870
1068
217
1421
1993
793
656
1029
1157
1131
828
380
635
1499
774
1481
923
1059
699
634
997
90
1147
1277
961
937
77
968
1066
587
1070
779
1284
1349
122
776
1777
896
1395
878
1256
1873
570
1012
1467
1169
1454
765
146
1502
773
1529
1718
1701
806
1397
362
387
1910
1038
1322
179
189
509
1545
53
1013
1967
1441
1359
1545
1458
1053
1895
1395
1904
241
1563
1857
85
1119
1266
718
1767
1007
1052
1822
1828
1325
1913
1635
480
652
1772
1433
1974
928
1413
1526
1151
417
718
126
165
1728
945
1035
630
237
1046
1376
329
137
1694
841
490
205
541
1995
1323
833
1003
1269
1413
1812
1718
510
206
1729
1002
98
1401
511
1186
664
1545
1289
227
61
1490
591
248
1028
758
681
500
1549
985
1961
900
1808
514
332
185
770
159
1637
1370
117
683
1905
811
1825
745
630
1426
1447
1541
1124
1762
1914
869
789
874
538
887
1311
219
1001
402
998
558
395
1950
302
61
87
9
1217
1416
1559
1355
174
21
1806
1709
1817
1133
168
1966
1993
245
1838
1835
1361
1384
169
161
1448
442
195
1578
1507
1067
1709
691
140
740
460
1649
551
1735
1793
976
1225
308
1783
1026
692
1913
1738
1657
344
897
1400
644
1669
1088
1888
1534
641
1774
1050
1292
649
131
910
398
1834
1203
313
1473
948
313
789
1113
1207
495
1315
1639
409
1367
19
119
1657
657
1352
878
1172
1156
577
423
355
734
513
352
1920
437
1604
1945
434
364
1817
987
1425
1010
1124
940
1073
1480
249
378
1831
1147
715
919
245
659
253
741
629
1058
655
1717
770
41
35
596
662
800
80
1022
683
644
623
368
1087
567
1523
343
1308
219
1326
545
395
229
1404
1364
1259
1901
134
1271
25
1993
418
965
1823
247
1242
1063
149
1651
1606
881
45
1789
1577
1801
1223
1772
1147
128
529
781
1401
1028
435
1433
458
1862
801
1409
143
281
1638
214
182
81
1697
1034
380
1981
810
1423
1921
704
595
1003
1595
1951
1723
223
992
788
904
1988
1595
1288
573
1209
1973
755
145
1070
773
1719
187
1899
37
769
1621
1574
51
794
1627
1409
775
1870
1776
90
1724
1086
645
28
477
1777
1732
1421
85
364
1853
1331
672
21
337
1935
1860
1660
1051
581
498
1402
1991
682
1591
165
1331
543
553
