1665,635,1067,419,1391,486,1116,1044,408,1632
63,1182,78,910,1678,1102,1159,1483
1600,1060,1660,316,892,858,858,1206,414,671,1391,419,1067,257
129,1665,635,1067,419,1391
450,1391,419,1067,257
1089,635,1067,419,1391,63,1182,78,910,526,790,1402,170
1483,1159,214,970,1538,1484,1592
804,1932,1756,1756,220
790,526,910,78,1518,894,63,671,1391,419,1067,635,1089,1569
934,790,526,910,78,1518,894,63,671,1391,419,1067,635,81,873
811,783,911
948,1596,1650,1002,783,911
196,580,388,1092,1812,1164,786,786,282,534,222,222,807,1057,625,1669
1827,783,911
783,911
1624,856,888,1092,1812,1164,786,1002,1386,554,1706,38
256,1504,1092,1812,1164,786,786,282,762,294,1846,1390,1295
1092,1812,1164,786,786,1722,438,1135
55,591,1518,534,138,138,1164,1812,1464,1120,1600,1213
691,1255,1878,1722,138,138,1164
643,67,451,1783,807,1662,1734,114,1410,876,1980
956,146,794,1334
643,1795,1603,375,87,1575,1607
593,67,1219,1603,1347,195,579
923,1643,163,451,67,67,1231
1707,163,451,67,67,1015
876,1410,114,1734,1662,807,1783,451,67,755,683
907,67,1219,1603,375,87,1863
1038,438,438,114,1452,1668,1821
163,451,67,67,7
28,1378,1050,1623,1683
1604,956,146,794,1766,1199,1847,1523
744,1860,244,1212,1212,838,703,1495
1531,19,199,838,82,1212,244,960
1959,447,1806,1914,82,1212,244
1408,208,28,1378,1050,435,801
1085,864,600,1860,244,1212,1212,838
1092,708,244,1212,1212,838,19
528,1752,244,1378,1050,1050,1830
91,55,1567,730,1698,244,1176,480
595,1731,1731,567
1261,1261,832,616,1588,940,418,118,159,663,291,1731,1731,567,446,1814
675,963,1059,1203,91,955,337,169,133
940,418,118,159,663,291,1731,1731,567
200,567,1827,1059,519
1922,1850,239,1827,663,159,622,154,418,940,940,616
902,1820,1172,200,200,272
567,1827,663,1135,127,1390
1365,685,733,832,616,1588,940,454
406,1731,1731,567
1690,1306,1770,426,828,1332,1332,432
689,579,195,1347,1347,577
626,1778,1578,1194,1482
568,28,1378,1050,1050,426,378,1670,1382
307,1783,271,1486,262,1498,682
545,1643,675,1431,1791,1578,1194,618,1180,61
86,54,702,495,1251,1251,579,195,163,1681,809
1324,1050,1050,426,882,1026
257,779,675,1431,1791,1578,1194,618,148,1816,701,245
716,810,54,702,495,1143,1035,369
694,1270,1014,750,135,311
59,563,1182,654,78,910,526
238,910,78,438,438,1290,876,1272,624,381,597
554,1254,438,1270,694,895,1795,1579,1201
694,1270,1014,750,999
215,223,910,78,438,1836,1508,68,176,365,149
1470,1014,1270,694
814,1270,1014,1014,1830,882,1026
694,1270,1014,1014,966
1263,1950,654,1806,694,1267,1403
630,630,1686,582,1594,1450,316,964,1768,1168,1168,1133
1894,1450,316,964
784,856,1612,316,1450
1450,316,964,1156,1528
929,587,383,1526,630,630,1038
383,1526,630,630,1686,582,1594,1450,316,964
1393,1027,1695,606,246,630,1526,95
647,886,886,58,1450,316,1612,856,1837
95,1526,630,630,1038,1534
1870,1750,58,1450,316,964,964,1480
547,1831,886
1313,971,1555,1831,1102,454,562,940,1912,400,1552,1504,784,1572,1740
1499,851,1175,1823,14
995,1391,95,1526,378,1098,786
886,1831,211,859,699
468,252,1742,1175
1243,91,571,859,211,1831,886,1222,466
784,1504,1552,400,1912,940,562,454,1102,1831,643
1175,1310,1958,626
699,955,859,211,1831,886,1330
892,1738,262,1774,559,451,451,811
694,559,247,1075
1075,247,559,1774,742
411,1779,1315,1315,559,1774,1594
1809,1467,1083,1371
971,1075,247,559,1462,310
1075,247,559,1462,58,850,1588,1384,1384,1501
451,559,478,166,400
1915,1075,247,559,1462,1786,274,760
1117,906,426,1386
1719,1334,794,146,956,956,788,1688,1296,1197
1316,956,146,794,1334,950
500,956,146,794,1334,1910,1566,15
1584,1080,1080,140,956,146,794,1334
144,1944,956,146,794,1766,830
1060,1348
1412,1348,1060,1912
1334,794,146,956,324,792,1632,1005
1949,1316,956,146,794,1334,927,111,615,307,1867,859,1339,1115,1475
1837,1725,1416,1368,1076,956,146,794,1334
574,271,15,15,1182,1686,1146,786,1164
1537,699,123,507,1665,1697
699,987,1707,1839
979,1579,1851,129
1053,1053,1800,1164,786,1146,1686,1182,591,847,1423,1255,1255,1843
699,987,1539
271,15
1128,1812,1164,786,1146,1686,1182,15,271,991,1207,883
699,987
1423,847,591,1686,1146,786,1596,948
842,1994,1962,1722,1446,1846,1390,1150
1002,1386,554,122
1939,823,366,534,1002,1962,1994
1994,1962,234,498,1356,568,1216,1333,949,1141
1867,411,219,603,347
410,1130,1386,174
754,1858,676,568,1216,469,661,997,197
491,347,603,219,739
565,1333,1216,568
554,1386,858,1338
1386,234,426,1338,1806
151,1615,1338,426,1386,1679,695
1194,426,1386,1386,1782,1571,1883
1386,234,426,1338,598
695,1679,1386,234,426,1338,1687
1234,28,1540,1216,1248,336,144,864
1693,352,568,28,1234
1548,216,864,1373
243,999,783,1710,1062,1386,234,426,906
1309,64,352,568,28,1234,1174,574
67,451,1783,487,1023
1677,624,1272,1764,1292
410,914,1404,180,1272,624,1677
117,1677,624,1272,1272,276,1932,1756,316,1660,376,1888,781
1783,451,67,1079,1367
1939,67,451,163,1611,27
1737,273,163,451,67,67,1231,430,458
732,498,654,447,807,1783,451,67,1105
1135,1783,451,67,1915,521
1959,1783,451,67,1825,25
1294,1807,1615,463,1279,1270,1482,228,840
620,26,1294,1807,1615,463,1279,78,1734,108,1076
818,1862,1294,1807,655,1039
1364,1724,1202,1526,1823,851,1499,905,57,1209
15,1039,655,1807,1294,26,674,332,440
28,690,1326,927,1283,1067,1553,905
802,154,1774,1039,655,1807,430,1510,1834,322,484,80,1133
1039,655,1807,1294,26,674,1304,1088
1807,1615,463,1279,1270,1050
836,1052,970,214,862,1807,1615,463,622,1194
1092,1812,1164,786,786,1722,1878,1486,1342,1519,727,727,83
1915,1939,823,966,138,138,1164,1812,1092,600,1504,256
1955,686,1526,1182,1662
1806,1722,138,138,1164
1248,1776,120,1812,1164,786,786,282,534,222,222,807,1057,625,1669
910,78,1038,246,270,14,1334,362,1010,1820,1604
451,1063,1230,1230,1722,138,138,1164
1918,1878,1722,138,138,1164,1812,1668,312
1399,1543,1014,966,138,138,1164,1812,1464
14,1334,362,1010,1820,1172,1352
271,1054,1702,1702,402
1455,1054,1702,1162,1468,1144,1360
98,1898,106,682,1930,1954,636,1452
1738,730,1702,1054,271,1039,655,1807,143,1259,1745
1310,122,554,1314,1308
456,564,1698,730,1702,1054,271,1039,655,1807,143,1115,17,953
1427,1742,1094,626,572,344,848
386,1898,106,682,1066,586,906,1650,338
840,228,924,1266,730,1702,1054,1455,1347,1563
1455,1054,1702,1162
964,316,1450,582,1686,1686,630,1526
1123,106,1564,52,808
1526,1782,630,630,462,447
1910,1526,1782,630,630,1686,582,1594,1450,316,964
1450,316,1612,856,784
734,1526,1782,630,630,1038
950,374,630,630,1398,1014,1270
964,316,1450,298,42
630,630,462,1743,919,1315,499,1627
1509,1405,712,856,1612,802,154,478
1204,1324,156,1596,138,1110,903,1875,849,1605
623,1955,1307,59,59,1755,1251,423,678,1650,1308,228,1776
1974,1434,786,1308,996,1144,40,304
1308,786,786,1110,318,1167,231,163,523,1531,625
1979,1483,1939,1795,1795,1063,1599,318,1110,138,1596
1528,292,1300,492,1596,138,1110,318,447,1999,1255,439,1699,179
3,678,1650,1308,1140,132
1120,1288,132,1140,1308,786,786,1110,318,1599,1455,247,1075,1195
976,132,1140,1308,786,1434,1974
1516,604,348,924,1884,138,1110,318,1167,231,1675
687,519,807,823,823,1507,859,1777
1919,182,950,630,822
1902,14,1334,362
846,14,1334,362,200
1111,199,1695,846,1526,182,1919
404,322,502,1087,643,211,1345,1993,1369
1513,1705,1345,211,211,1231
1766,14,174,1518,1374,1342,1727
874,186,966,1254,342,14,1334,362
846,1526,182,686,686,1415,1091,1523
1923,1347,1603,673,521
167,1598,14,122,1634
831,1923,1347,1315,1291
1059,1347,1603,1603,883
195,1347,1603,247,463,1966,454,562,562,1372
423,1335,1923,1347,1603,247,463,1966,454,562,562,1372
72,1292,770,122,1791,1767,1923,1347,1603,247,463,1966,454,778,130,1444,1984
567,122,1634
1835,1699,367,886,454,778,130
1619,1315,163,195,1011,1089,81,41
1538,754,826,886
956,572,860,1116,1308,492,1644,628,980
1404,1746,282,6,150,1486,271,1783,195,579,387,131,1283,1667
316,1354,22,1534,1831,643,1699,1763
1281,843,1347,1783,271,1486,262,418
1698,730,1054,1135
282,150,1486,271,1783,19,427,1339
1020,294,1054,1135,1783,339
1550,362,956,572
886,1831,211
120,1572,924,114,1734,303,951
432,984,1572,924,114,114,1146
552,276,924,114,582,1702,694,526,142,106,1564,1348,1808
114,924,1572,1392,1725
1206,390,1626,114,924,1572
836,1564,754,1078,142,526,910,78,462,846
864,552,276,924,114,582,582,1023
1171,1351,582,114,924,276,552
1626,114,924,276,708
1734,1446,406,694,526,142,106,1564,1564,1240,349
1944,396,1506,1194,618,874
691,1255,1423,271,15,735,1551,1551,1758,1110,1434,1074,330,618,874,508,1492,232
1506,1194,618,874,1450
331,67,67,991,271,15,735,1551,1551,1758,1110,1434,540,212
1742,122,1202,860,1080,1080,765
1714,874,618,330,1074,1434,1110,39
1327,847,591,1167,1263,995
1002,1110,1758,711,1539,1715
874,618,330,1074,1434,1110,1839
624,1194,618,874,1450
1604,1100,1058,554,1386,426,1770,1306
1103,1359,1983,1338,402,172
788,1922,554,1386,1002,1164
1248,696,234,1386,554,122
1266,330,1962,1130
1199,1694,1994,1962,234,498
815,783,1503,1119,1630,814
1256,500,1922,554,1386,1686,1950,15,163,811,1297,1297,1513
1564,1546,1855,199,1459,1,969
67,451,163,811,1,969
1537,1723,1147,1963,483,1527,1551
295,1615,463,847,591
943,223,1039
384,600,276,1788
1807,655,1759,415,447,831,1215
539,859
1763,943,223,1039,807,87
1662,582,1842,924,276,168,96
1723,1147,1963,1347,399,698,626,200
1863,1278,1206,282,1788,1140,168,168,1632
1372,1714,874,618,1194,714,1098
699,987,201,1785
1200,1626,1626,1086,519,1059,1707,987,699,859,475
232,1492,508,1714,874,618,1194,1368,1800,189
916,412,1714,874,618,1194,1194,1086,519,519,1803
1742,122,1634,500,1112
904,868,1450,298,42,330
330,1734,519,1059,1707,987,699
580,1516,1450,874,618,1194,1020,660
115,699,987
1591,475,859,571,1315,618
519,606,954,284,1796,1040
582,1842,60,1572,1896,1533,909,909,293
1824,168,1572,60,294,1054,1711,571,1723
1999,571,859,475,1267
1665,507,123,379,571,859,475,1267,862,214,1834
806,1962,1650,642,642,1140,168,96
594,284,176,1517,965
307,571,859,475,1267,727
176,1580,914,1854,903
1116,1116,1650,678,327,579
1310,122,554,756,756,360
1143,3,1347,1347,1963
579
3,1347,1315,931,1699,1763
1967,1742,122,1634,1517,1733
1787,1643,819,579,195,1347
1867,163,195,579,327,1407,678,1650,1650,1260,1260,1080
1310,122,1634,1112,1760
899,1411,1795,1347,3
506,146,956,308,1796
523,915,963,675
560,308,956,146,506
149,32,344,308,1820,1010,1386,426,1770,1770,1378,244
1604,956,146,506,567,1827,1059
554,1386,426,1338,1630,559
981,509,1604,1820,1010,1386,426,1338
455,1827,919,1639,391,1231,1295
963,675
1604,956,146,506,567,1827,1059,1203,1387
1002,12
948,1596,138,1110,1407
1507,679,991,271,15,15,1182,1686,1146,786,1164,1812,120,1776
120,1812,1164,786,1434,822,1983
216,516,1164,786,1146,1038,615,1707
344,308,956,146,506
847,591,1010,1820,1604,56
271,15
987,699
1386,1974,15,271,223,1375
1827,675,419,1391,1310,842,1100,632,848
14,1823,1391,419,1563,91,571
1250,890,862,1159
178,1978,886,526,910,1270,294,294,330
1140,258,1482,726,910,526,886,1546,1816,1168
1376,728,728,1132,1834,214,862,1159,1843,859,1243,1227,1035
1580,1026,582,726,910,526,886
726,910,526,886,1330
1250,890,430,1807,1447,403,1025
660,294,1270,910,526,886,1546,952,1312,1312,853
238,1642,1450,1738,730
1194,618,874,490,1642,1642,1372,1060
0,1512,1548,1530,30,1839,1191,867,1083
1377,1665,1515,867,1191,1254,714
1546,1642,1450,298,1992,768
945,1665,1515,867,1191,1614,1614,1482
1922,1074,298,1450,1642,1330,700,116
641,891,315,1083,867,1191,1191,318,1878,730,1738,1450,1642,394
1494,678,6,1050,874,490,1642,1426,844
1600,1060,778,778,490,874
1698,258,1884,1596,1980,162,626,794,1766,1199
1118,1766,794
1026,828,444,60,1090
176,1400,1940,540,540,1596,924,100,1336
258,1884,1596,1980,162,626,794,1766,1199
362,1334,1982,1415,1091,1307,497
258,1884,1596,828,828,324
1064,740,1010,1766,1199
1428,924,1884,1980,1980,1188
680,1508,540,540,444,60,892,1666,706,34,1186,98
1975,559,991,271,15,1110,138,138,1308,696,1680,1104,208
61,544,1504,784,1104,1680,696,1308,786,786,1110,615
544,1504,784,1104,1680,696
1751,1647,990,1974,1434,786,1308,696,1680,1104,784,1504,1120,512,893
1199,302,14,122,1634
1245,1248,1248,784,208,904
847,591,318,1110,138,138,1308,696,1680,1104,784,544
1431,687,15,271
867,615,15,271,991,1219,571
1596,138,678,1089,1305
1848,1572,924,114,762
1010,1820,1604,248
1626,114,924,276,168,237
552,276,924,114,1830,606,111,1827,603
1551,1086,78,910,1678,1102,655,259,1771,457
910,726,582,114,924,276,708,388,580,196,1348
1102,1678,78,1518,894,63,671,47
611,647,1102,1678,910,942,1191,1251
1345,211,1831,1102,1678,910,942,1311,615,867,1611
192,552,276,924,114,1830,1830,1407
789,1077,397,1936,4,820,348,1938,1434
854,1502,1871,79,1231,1615,775,807,1815,1335,1859
725,693,1653,1293,397,1936,4,388,1572,1956,1044,1620
1162,1678,1183,655,1807,143
1044,1956,1572,4,1936,397,1549
143,1807,1615,1615,1639,1527,147,1395,923
1259,503,143,1807,655,1183,1462,442,442,1122
438,474,4,1936,397,1549,141
1614,366,1374,127,607,223,1807
1171,391,655
1937,851,414,1002,1164
711,1243,91,571,859,1483,1331
250,1426,940,292,1592
246,1038,78,910,526,886,1210,562,940,940,88
1483,859,699,897,1233,1265
1164,786,1002,351,851,1787
251,1619,142,250,1426,940,292
1092,1812,1164,786,1002,1002,1494
238,1102,1678,726,762,138,138,1164,128,29
88,1588,940,562,1210,886,526,910,78,975,1751,1571
1040,1872,396,786,282,318,519,519,1491,411,699
450,468,1872,1040,992,992,308,956,146,794
200,992,1040,1872,396,786,282,318,519,519,1491,411
1491,411
1821,1152,864,1040,992,1496
794,146,956,200,992,1040,1872,624,1924
411,1491,1815,1167,1167,271
1830,1950,519,195,843,1275,1617
1236,210,966,1950,519,519,1491,411
396,786,282,318,519,195,843,865
1646,1807,655,1039,15,1839,1191,867,1083
458,1294,1807,1615,463,1279,334,838,1266,1248
1734,750,1839,1191,867,1515
540,1814,830,551,551,1523
858,255,1191,867,1515,1665,657,1481
862,1807,655,1759,415,1902
1854,1839,1191,867,219
321,897,1515,867,1191,1191,1278
1348,1996,1186,1510,430,1807,1615,463,1279,942,1830,1002,1890
592,268,1564,754,106,1078,430,1807,1615,463,622,1194
112,4,388,708,708,876,354,1350,1247,1559
1600,40,4,388,708,708,1884,1002,342,1791
1777,859,1507,1507,1795,1603,1347,1923,1263,750,102
859,1507,1507,1795,1603,1347,1923,1479
1335,1923,1347,1603,247,1759
1541,1241,1129,1777,859,1507,1507,1795,1603,1347,1923,1263,1182,1830,1506
1828,708,120,1368,752
583,1687,247,1603,1347,195,519
1084,1828,708,1128,1533
836,322,502,1087,643,211,1345,1129,1753
1129,1777,859,1507,1507,823,807,519,1935,783
1599,1119,1503,783,1058,884
1216,568,1698,730,1455,1459,1,969
1129,1777,859,1507,1507,823,807,519,1935,783,122,1634
670,1918,1599,1119,1503,783,1958,626,1922,788
1965,1032,1032,996,892,1738,814,1687,1507,859,1777
814,1687,1507,859,1993
1459,46,922,1282,724
859,1507,103,1498,706,328,733
783,1359,1983,262,1066
1785,1665,1575,1791,414,1062,1836,1188
732,1386,1062,414,783,903,663,1219,67,1079
216,1836,1062,414,414,279
66,882,1062,414,414,1575
783,414,1062
1532,1202,1062,702,135,1107
1872,1548,738,1062,414,783,903,663,1219,67,1699,611
1994,1062,414,414,1575,387,1179
1553,1931,887,1647,702,378,1890,1508,1256,32
1575,1791,414,1062,18,396
790,526,910,78,255,1503,239
765,72,294,1270,1678,1102,583,835,1483,187,1321,1385
1708,1660,316,892,1482,870
782,142,526,1462,1590,1302,678,698
376,628,1660,316,1756,1836
1182,78,910,1678,1102
63,1182,78,910,1678,1102
1102,1678,726,762,594
338,1890,1314,66,892,316,220
1600,1060,1660,316,892,858,858,1206
1793,659,1667,707,1859,615,1095,1455,1054,1702,1702,1522
786,786,1110,1758,687
1667,707,1859,543,1110,1434,978,514,1180
803,803,1859,1251,435,1707,577,337,25
554,810,1098,1884
659,1667,707,1859,543,1110,1434,1362,1452,708
817,1153,1243,1563,75,1251,1859,1571,1571,119
1218,1650,678,1758,1383
408,60,1266,730,1702,1054,271
543,1110,1434
1106,1906,1642,490,874,1050,1734,1734,1326,351
1725,1864,244,1212,298,1450,1642,886,886,7
992,200,1820,572,860,1116
1197,1821,1725,1864,244,1212,298,1450,1642
298,1450,1642,1642,1366,350
763,1147,955,1243,687,698,626,200,992
992,200,1820,572,1346,18,1074,298,1450,1642
762,1212,244,1864,1725
1642,1450,1738,730
1642,490,874,1050,1734,1734,1326,1791,1103
1297,1275,1275,1083,315,513,1193
220,1666,154,478,1219,571
802,694,766
175,343,483,1419,1371,1083,315
802,694,127,1639
1462,1879
604,1450,1462
689,315,1083,1371,987,481,1457
1537,987,1371,219,603,27,995
603,219,1371
912,1680,292,1420
1552,1504,528,912,1476,540
269,1069,640,528,912,1704,756
468,912,1680,1104,181
912,1680,1648,1732,1732,76,124,1970,746
306,828,1044,912,1680
1993,859,1507,391,598,1786,370,748,1680,912,936,1940
1129,1345,211,1735,223,718,646,1106
1459,1027,127,598,1498,1930,628
912,1680,460,658
675,1994,1724,932,1256,608,101
799,1342,1054,1230,1038,246,54
1242,54,246,1038,654,1135
23,630,630,1038,654,559,103
1356,1572,1092,1476,324,68,176,1013
1188,1476,1092,1572,1932,1954,1450,1750
1230,1038,246,270,1742
1607,1566,630,630,1398,438,438,114,924
1346,810,54,246,1038,1230,1054,127
438,1974,630,1559,1379
373,1021,1156,1887,663,291,1731,387
663,291,1731,1731,567
614,986,1778,1980,1596,924
1980,1596,1986,1266,1594,910
1156,1021,373
924,1884,1980
53,1717,373,1021,1156,924,1884,1980,1382,686
781,1141,1021,616,1588,1966,751
626,162,1980,1596,924,1156,1021,373
277,1885,292,1222,574
1847,707,1859,1719,687,798
456,564,1698,730,726,78,1695,687,855,855,1859,1571,1571,119,1334,362,1010,1820,1712
1308,60,1698,730,726
1556,268,940,1948,1468,1468,82,730,406
1902,1230,726,730,1698,1698,1068,660,504
967,1855,622,406,730,82,82,1948,940,1420,1268
79,1087,46,726,730,1698,1698,204
1698,730,406,622,1279,67
1001,1595,659,1667,707,1859,1251,987,1729
726,730,1378,1378,1396,148,1924
480,1104,208,964,1948,1282,466,1466
828,66,1554,1162
1237,1261,1405,96,168,276,924,1884,1980,1404,1343
1158,330,930,732,1404
402,1596,1980
205,1021,976,964,1948,850,1930,358,1655,395
96,168,1140,1788,1398,579,1515,1515,315,1755,347,1841
371,1499,1755,315,363,1923,1999,1342
1275,1659,315,1467,635,1775,1118
1180,964,976,1552,448
1193,945,129,1851
1553,1665,507,123,699,955,769
750,1146,786,1164,1008,1184,1517,1685
1137,129,1851
1344,1416,948,1596,138,438,438,1270,694
1859,1575,1407,1014,1270,694,694,1222,1402,1898
1393,699,987
403,1879,1615,694,1270,1014,1014,1254,1254,198
694,1270,1014,750
1798,1222,598,598,1270,1014,750,1215
1619,699,987,993,1449
184,604,348,924,924,1956,1008
802,316,1756,348,924,1764,324
1395,495,414,1974,1974,654
1251,495,702,54
1627,1123,1159,1159,430,628,1384
930,642,348,1756,316,1282
1552,1300,316,1756,348,924
1910,54,702,495,1431
642,348,1756,316
147,163,451,67
1547,1079,1375,430,70,466,292,1732,388,1540,1216,1653
204,388,1732,292
292,1732,388,1540,1216,141,525,909,77,653
1915,1843,67,451,1783,399,806,410
67,451,1783,487,1023,1338,1842,492
1653,1216,568,388,1732,292
399,231,1783,451,67,1051,1169
1098,66,492,996,388,1732,292
643,67,451,163,315,1377,1841,1577
438,1374,991,559,1687,1507,859,1993
224,1888,400,1300,748,1810,474,870
681,105,361,1705,1993,859,1507,1507,1759,1594,402
1775,227,875,65,1577,425,1769,921,345
400,1888,224
1746,282,1722,1878,559,1687,1507,859
1864,820,604,586,1462,1687,1507,859,1993,1705
410,1778,1170,444,1356,1428,1720,904,1168,80
400,1912,940,454,1831,211,1345,1705,1513,1689,1029
618,534,1326,1791,1103,167,1847,1523,929,1625
1437,168,462,1839,1191,867
292,1732,388,1140,1692
292,1732,388,1908,972,1004,380
462,1839,1731,1323,635
470,1118,1415,227,371,1499
329,1211,1731,1839,1326,774
1596,138,1110,1758,1839,1731
462,1839,1731
1330,292,1732,388,462,1839,1191,867
1565,1156,580,388,462,1839,1191,867
524,194,266,1638,1038,1014,982
1422,1038,654,78,406,316,61,997
1312,1444,1516,802,1306,406,78,654,654,1638
458,998,1214,1159,1591,475
216,1332,1314,1542,1974,1398,1014,982,418,1240,1952
598,1159,1483
1474,178,934,295,1591,475,841
982,1014,1398,1974,1542,1746,1746,1332,1332,432,1373
78,1014,1398,1974,1530,18,1548,1944
1994,1638,1038,1014,982
1821,288,1256,1604,956,146,794,1766,1118,263,263,1235
1642,1942
1187,151,7,1039,271,1047
867,1050,1378,244
696,244,1698,730,271,1039,241
1039,271,447,318,1326,1494
1642,490,874,1050,1378,244,696,408,968,776
1017,417,271,1039,1345
1642,490,874,1050,1378,244,696,1704
1039,271,87,867,1395
1019,1739,1091,551,830,830,878
802,1306,406,78,1014,1398,1974,666,1026,212
1462,766,1135,163,1243
892,892,730,726,78,1014,1398,1974
1638,1038,654,78,406,874
317,452,1478,1118,1415,1091,1739,1019,635
1135,163,1243,1825,1169
1806,654,654,1422
982,1014,1398,1974,1542,450,468
1438,1390,46,78,654,654,1638,554,1586
786,1506,1122,1666,1660,988,988,1628,1826,1178,854,1502
1255,859,1339,1979,1979,1313
1119,231,19,859,1339,1979,1979,1097
82,802,1282,988,988,1628,1826,1394
1270,1050,1716,600,1248,1557,1701
1248,600,372,1596,1746
783,1134,1256,608,437
827,827,187,859,1027,519,1238
1248,600,372,930,1974
188,988,1282,1266,570,1350
1828,1828,316,1450,1158,1038
30,831,807,1219,67,1591,1375,1375,998
384,240,1720,1720,1612,802,154,1774,1219,67,1699,179
963,1850,1634,284
986,1634,284
284,1634,1850
927,1614,150,1450,316,964,976,1552,736,1888,269
1767,126,54,1850,1634,284
1888,736,1552,976,964,316,1450,1614,1758,927,1967
68,284,1634,1850,1047,811,1441
1591,1843,859,1243,327
1698,730,1702,1054,1455,375,1419,987,1545
783,414,1062
963,1575,1791,378,1890,756,756,648
673,763,1147,955,1243
816,1848,948,450,1062,414,414,1575
783,414,1350,1350,1890,1292,1688
1266,730,1702,1054,1135,163,1243,1723
755,859,1243
420,1266,730,1702,1054,1455
169,721,235,247,814,1786,1300,328,733
1064,740,902,911,527,783
1712,740,902,911,527,783,1686,1686,1266
911,527,783,1983,1599,1023,1246,238,718
911,1679,1103,1071
1757,1352,740,902,911,1679,1103,1071,687,303,1455,1711,1327,1159
721,235,1219,175,670
911,527,783,1983,1599,478
721,235,247,1126,802
858,1110,990,783,911,1550,218,1892,1568
774,182,686,686,551,1235,1553
1130,182,686,686,1415,119,675,1827
548,1348,1156,1624,1968,480
379,139,1399,1399,1183,1102
119,1415,1982,686,1958,1242,1098,1650,1506,172,436,148,1060,1348,548
686,686,1415,1091,497
369,203,119,1415,1982,686,950
193,1579,1399,1399,1534,22,1084,1828
1056,792,1620,470,1118,1415,1415,1235
1982,686,1526
1243,91,571,859,1843,1591,1871
1723,699,897
1179,1959,271,1039
237,1056,1872,900,900,1170,954
606,1542,306,1548,1548,1872,45,165
1878,1578,1836,1836,216,864
1085,864,216,216,1836,783,783,1107
477,1872,900,900,738,414,279
864,216,1548,954
774,1170,1548,1548,1872,1056,669
861,1864,244,1212,1482,1878,471,1083,1467,635
750,1734,1212,244,240,1504,1552,1888
1453,64,352,568,244,1212,1482,1878,471,1083,315,1755,347
1434,255,1191,867,1083,315,1755,347
1984,1504,240,244,1212,1482,1878,471,1083,1467,635,815,1694
61,256,928,240,28,946,1279,1639,1057
1766,479,635,1467,1083,291,1743
318,438,1338,1212,244,568,352,640,1885
1927,118,946,28,1540,352
992,200,635,1467,315
253,1378,730,726,78,735,39,3,1683
82,730,726,459,833
1698,730,406
1497,315,1251,1863,122,1634,716,716,968,1728,1269
1115,187,1723,1873,681,1017
1831,127,622,406,730,1698,1698,1068
195,915,523,1627,187,1115
1148,122,662,1998,30,318
1698,730,406,622,1279,1795,427,427,1339,187,1115,1475
82,730,1702,1054,1135,163,1243
1281,867,1191,1326,1002
465,1515,867,1191,15,271,1039,1183,1366,26
1330,238,1039,271,15,1839,1191,867,219
699,987,219,867,1191,15,271,1039
1326,318,447,271,1039,1654,1798,754
699,987,219,867,1191,15,271,1039,238,1330
1850,1839,1191,867,219,561
1200,1044,252,1814,830,551,227,875
744,804,300,1314,950,830,551
1614,510,847,1039,886,1546,1816,1168
1254,1002,1386,554
1386,1614,447
241,1681,1243,163,1455,102,1002,1386,554
841,1243,163,1455,102,1002,1386,554,1964,1028
1398,1002,1962,1994,1766
1935,1935,1191,867,219,561
1457,1249,1243,163,1455,102,1002,1386,554,1922
1243,163,1135,1756,1432
1919,95,783,1935,1935,1191,867,1515,433,937
1042,346,598,766,1135,163,1243,481,241
980,556,220,604,604,1068
1068,1756,316,1660
220,316,892
604,220
1546,220,316,892,858,858,1206,414,671,1391,419,1499
53,1888,664,1660,316,1756,1500,1884,1596,1980
220,316,892,892,730
906,892,316,1660
8,376,628,1660,316,1468,1986,882
1660,316,1756,1932,1572,552
195,1347,1603,1219,67,755
67,451,163
674,970,1366,67,451,163
1959,1783,451,67,1843,1825
163,451,67,385,745
1970,538,790,526,910,78,1038,246
381,624,1272,294,1270,910,526,886,1210,1426
117,1677,624,1272,294,1270,1678,1102,367
1614,1086,879,1783,451,67,1915,521
1359,318,366,78,910,526,790,106,1618,1628
1346,1130,675,1467,1083,1371,1371,339,1711,1342,742,346,1762
1872,900,900,252,783,783,1107,1467,1083,1371,1371,843,1959,1806
1346,756,216,864,1269,149
1546,508,1228,4,1936,397,1549
1083,1371,1371,627,231,159
27,603,219,1371,1371,915,55,31
1006,607,607,1495,1495,1203,411,1371,219,603,27,1859
1549,397,640,964,748,1162,1162,1806
82,1914,447,447,951,843,1371
1255,739,267,1371,1083,315
1582,1798,1330,898,220,316,892
930,892,316,220,898,178,646
624,1272,1164,354,570,558
734,918,1530,1122,892,316,220,898,1258,1510,1294,863,791,395
115,1303,1951,1222,1546,898,220,316,892,1482,438
381,624,1272,300,300,522
1013,621,1245,1533,960,352,1504,1552,736
619,835,502,1114,898,220,316,892,1446,366,303
784,480,624,1272,1164,354,570,558,1503,1719,1035,9
636,1468,316,220,898,1258,1078
1983,1830,114,924,276,552
606,246,630,1526,1598,1775
483,399,606,246,630,1526,95,707
284,1634,986,1526,1782,630,630,174
870,114,924,276,1464,669
95,1526,630,630,1038
1095,1230,1230,114,924,276,708,712,112,1696,637
276,924,114,582,1111,331
222,870,114,924,276,708,712,112,1696,349
986,1634,284,1796,1040,1872,1200
1974,1398,1014,1806
219,1371,987,699,1489
1798,1450,316,964,1744,413
1270,1014,1038,1422
414,1038,654,1806,895,751,1303,1123
40,964,1612,802,982,1014,1038,558,1647,1751,1715
495,558,1038,1014,982,802,1612,964
1638,1038,654,1806,991,247
1103,1431,531,219,1371,987,699
1447,574,1174,1450,316,964,1912,1240
673,1075,247,559,1774,442
1618,1210,742,1774,559,451,1603,1347
1386
1386,234,426,1338,838,694,559,1219
294,694,559,451,451,1459,411,1371,219,603
1386,234,426,906,1698,1900,1300,472,520,1024
892,1738,262,1774,559,247,1075
906,426,1386
1324,690,906,426,1962,1778,236,740
1075,247,559,1774,262,658,460
1700,628,1666,1810,1626,1626,1086,1167,1551,1503,1647,1283,1451
292,652,1468,1626,1626,1086,1167,1551,1503,783,1391
1188,252,1386,234,426,1194,618,874,154,1126,478,478,1327,1327,1735
636,1842,1734,1167,1551,1503,1647,1283
115,1255,1855,478,1126,802,964,976
370,1126,1774,1423
850,370,1162,1194,1578,1962,1778
1748,1148,1386,234,426,1194,1194,1086,1167
1666,1810,906,426,1386
999,999,1503,1551,735,735,271,1423,1774,1126,490,1354
928,1432,244,42,870,870,1398,1974,630,1319,851,1499,1553,1769
860,1116,1116,1884,1986,402,1738
1231,1639,1527,195,843,33,681,1257,1081
1198,1050,1986,1884,1596,828,828,1364,248
697,985,793,105,681
688,856,924,1884,828,828,1940
226,834,258,1884,1596,828,828,644
630,630,1038,654,519,519,1491,33,681,537,217,517,1669
630,630,1398,438,298,802,196,232,1088
985,793,105,681,33,1491,663,159,622,154,418
579
457,457,481,769,1675,963,675,1931,641
851,675,963,1455,1279
1244,1586,1850,54,246,1398,438,186
673,1363,1207,199,654,1038,246,54,1242,162
567,1827,1059
1257,1275,1059,579,387
1971,387,1731
1050,1050,438,438,1974,630
675,963,1455,1279,1678,1222
946,690,978,1434,1110,1758,687
426,1434,1110,1758,1383,483,1963
1840,856,1108,1938,1434,1110,39
355,55,519,1551,1551,1758,1110,138,1596
1218,1650,678,1758,1383,483,1963
623,1679,1103,1359,543,1110,1434,930,588,696,480,573
240,420,492,1362,1434,1110,39
978,1434,1110,1758,519,807
988,1660,1666,1698,978,1434,1110,1758,975
4,820,348,1938,1434,1110,1758,519
1364,1260,1596,138,1434,1974,1398,1014,1806,1279
491,779,1683,579,195,1347,1347,1387,1585
1422,1038,654,1806,1246,319,943
693,720,1164,786,1434,1974,1398,1014,1806,334,847
1027,771,3,1143,311
1143,3,1347,1347,577,577,1657
1699,1315,163,195,579
1679,1262,1334,362,1010,1820
956,146,794,1334
1118,1766,794,146,1820
1315,775,1342,154,802,1612,964
964,1612,802,910,991,1171
591,399,1551
856,1612,802,154,478,1543,355
1624,1612,316,1450,298,42,426
733,976,964,1612,802,118,1567,1743,399,1551,1623
1450,316,1612,856,784
383,950,986,1634,284,1584
1687,1711,591,399,1551,1850,1634,284,1517
964,316,1450,298,42,426,90,1850,1634,284
356,194,986,783,1503,1551,735,195,843,1473
15,1551,1503,783,398,1658
1033,337,1441,1729,1275,843,195,303,1662,406,874,1570
1432,1972,1698,186,366,303,195,843,1275,1729,1441,337,1033,457
79,1231,1615,847,591,1167,1815,1491,411
1444,1516,802,1306,1662,303,195,411
699,411,1491,1383,1383,735,1551,1503,783
635,1467,1083,411,195,303,1023,1126,1330,700,332,1124
603,219,411,195,303,510,1270,418
958,766,1023,303,195,411,219,603,347
262,1594,1698,244,856
80,1168,904,856,1540,244,1212,1212,1914,510,879,1635,1275
1144,28,1378,1050,1626,1626,570
224,1888,1168,904,856,1540,244,1698,1594,910,1471
284,1634,1850,399,231,1171,1003
244,1698,1594,1855,679
244,1698,730,271,919
867,1050,1378,28,856,904,1168,1888,224
1168,904,856,1540,28,1378,1050,174,783,1607
1763,323,1411,175,1594,1698,244,1000
196,580,1572,600,1248,1869,741
276,600,1248,1005,141,757,1909,565
1686,1002,1386,554
1922,554,1386,1434,150,1246,1183
1994,1962,234,498,372,600,1248,1005,141,757,1909
939,183,1119,1254,1002,1386,554
691,1255,559,1374,438,390,1002,1386,554,122,419,1499
815,302,122,554,1386,1434,1878,895,151
618,1194,1578,810,554,668,596
234,1386,554,122
1182,78,910,526,886,1210,562,940,292
1983,1086,78,910,526,886,1210,562,940,940,88
1943,67,451,1783,663,1839,927,1022
1698,730,726,910,1678,1102,367,323
400,1912,940,562,1210,886,526,910,726,730,1698,244,708,1092,1476,644
1701,1773,744,1860,244,1378,1050,1050,102,102,846,911
528,1752,244,1698,730,726,910,526,886,1210,562,940,292
582,726,910,1678,1102
1912,940,562,1210,886,526,910,78,1086,1551
456,244,1378,1050,174,927,455,455,1571
1738,730,1702,1054,271
543,1110,1434,1434,1308
1436,162,306,1434,1110,1839,1191,219
135,975,543
924,1506,1434,1110,1758,975,563
604,1162,1702,1054,271,679,643,323,1475
543,1110,1434,1506,924,996,568,1360,733
1443,39,1758,1110,1434,1746
39,1758,1110,1434,1746,972
1434,1110,1758,303,823,1411,323,1475
1204,418,294,1398,246,54,50,1580,560,1901
1814,54,246,1398,438
445,328,1756,1266,1338,438,438,1974,630
215,643,211,1345
439,439,211,1345
554,54,246,1398,1878
649,649,811,811,807,447,654,654,246,54,810,1346,1364,464,1085,965
643,1795,1347,1059,1731,1731,567
1038,654
1702,1398,246,54
1164,354,354,678,579,195,1347
112,1624,1612,802,154,1198,1347,195,579,678,1650,1650,1164,1800,189,189,149
381,624,300,786,786,678,579,195,163,163,1651
579,195,1347,1342,1606
1768,964,316,1450,1030,1966,151,403,1979
1783,195,579,678,1650,1650,1164
958,742,1450,316,964,904,904,1789
163,195,579,579,1035
1164,354,354,678,579,195,1347,1347,91
1787,1643,819,579,1027,1207,1687,871
1097,251,403,1447,1807,430,1942,1682
376,1996,1834,214,862,1159,331,1147
1946,26,618,1194,1578,810,554,1208,1424
430,1807,1159,1123,1339
554,1386,234,498,642,1932,856,688,1789,781
1084,778,1798,430,1807,1159,1009,1401
204,642,234,1386,554,1964,1028
554,1386,858,1338,22,1366,1807,739,915
1731,387,1859,419,491
419,1859,1827,1891,1891,355,1159,862
1992,708,780,1234,1450,1642,1258,538
1679,1391,419,1067,635
1590,750,1791,671,1391,419,203
1665,635,1067,419,1391,671,990,174,438,438,838,1882,1642,1258,538,538,494
514,858,858,1206,414,671,1391,419,1067,257,1937,281
1448,116,1618,106,682,1642,490,1306,762
702,30,30,438,438,838,1882,1642,682,106
187,187,835,1447,511,106,682,1642,490,1306,1338,1338,390,1638
1560,948,450,1391,419,1067,635
1180,82,1254,1422,414,671,1391,419,1067,635
1831,1102,454,1642,682
1167,1734,330,1578,810,554
1793,659,1667,707,1859,39,1167,1734,1842
1102,454,1642,490,618,1194,1578
454,1102,1039
1144,1612,706,1642,454,1102,103,931
1362,1098,810,554,1352
210,1734,1167,231,595
1248,600,924,114,1734,1167,1171
39,1719,1859,707,1667,659
1624,1012,130,778,454,238
956,146,794,1334,1022,1503,1551,399,1171,1867,1723
932,956,146,794,1334,1022,1503,1551,735,735,271,1039,223
130,778,454,454,1390,1918,735,1551,1503,351,1334,794,146,956,1928
130,778,454,454,1390,1918,735,1551,1503,351,1334,794,146,956,956,788
739,1639,31,1750,454,778,130,148,904
1467,1083,1371,1371,915,55,895,1390,454,778,130,556,980
130,778,454,454,1390,1918,735,1551,1503,1647,311
788,668,956,146,794,1334,1022,1503,1551,735,478,1390,454,778,130,1624
1262,446,351,1503,1551,735,478,1390,454,778,130,1968,573
106,682,1642,490,1990,1630,1135,375,1419,1761
1098,66,492,996,568,1216,141,525,909,77,1013,1397
901,1441,667,1219,67,259,403
1537,619,67,1219,667
1216,568,370,1450,1642,1258,538
1116,1650,438,271,343,1219,67,403,1025
1025,403,259,259,1795,1603
435,723,1315,67,1483
501,1216,1864,6,750,1551,1623,531
531,1623,1551,750,6,6,1986,1864,1216
552,276,924,114,582,1999
934,1318,582,114,924,1572,744,960
224,880,520,856,708,708,924,114,582,838,1862
347,603,219
598,766,315,1467,635,479,1262,182,794
708,708,924,114,582,1975
388,708,708,924,114,1830,1830,1119,579,1515,1515,315,1755,347
480,276,924,114,582
635,1467,315,1491,375
1263,318,1614,1626,114,924,276
1295,223,607,895,1630,534,1542
1769,1553,1067,419,1526,1850,1724
1401,793,1705,1993,859,1507,1507,679,159,1086
559,1687,1507,859,1993,1369
1193,1193,1553,1067,1283,927,1326,102,1212
1196,1682,1358,143,1807,655,1183,1678,1018,946,348,336
1479,1959,823,823,1507,859
905,905,1067,1283,927,1686,1686,42,1698,1396
342,1038,366,127,607,223,1295,143,1358,98
488,962,854,1502,1871,79,655,1183,1192,1408
1699,439,1255,271,1054,1702,1702,1234
79,655,1039,271,1054,1702,1162,1588,1924,656
623,1679,1103,1071,903,1959,1495,247,547,1619
271,1054,1702,1702,1698
211,271,1054,1702,1702,1266,816,1533
704,740,554,810,1098,1290,1266,730,1702,1054,271,19,337
1738,730,1702,1054,271,735,1551
465,555,375,1455,1054,1702,1702,1698
1455,1054,1702,1702,1522
1258,1642,1450,1738,730,1702,1054,271,823,1939,1483
694,1806,654,171,401
490,694,1270,1014,1014,966,1578
914,102,1014,1270,694,694,1222
910,78,654,1902,351,351,1031
534,1014,1270,694,694,634
1206,1398,1014,1270,694,583,1591
1029,1569,1731,678,1650,300,1272,624,381,597
1059,1347,1315,1619
1603,1347,615,543
1347,1603,1603,1867,1921,553
