705
1391
1717
129
264
561
233
317
1798
1754
1153
1200
548
249
414
584
157
132
337
251
1231
668
835
953
443
705
732
907
414
939
1072
840
1269
517
1707
373
461
36
453
91
1627
1621
1067
292
605
1922
785
486
1365
1738
314
857
1586
973
265
1289
470
1324
977
32
1876
1361
287
866
1817
1043
1470
1039
1906
1875
1118
1825
1317
1915
1433
497
1241
1475
209
511
403
1313
905
939
682
1821
1419
1572
275
1473
744
1590
1979
1659
1157
1259
89
1009
1745
1045
1875
1181
324
192
1245
640
224
279
1733
85
782
449
721
835
149
409
238
1128
841
166
1010
102
1025
335
1291
218
970
1523
341
1436
218
323
1734
860
11
538
1693
1418
185
1309
115
453
1334
965
735
1939
1913
1476
1054
1274
1322
980
1196
1688
783
28
1948
1954
1358
1160
1752
233
1307
1806
429
1582
139
559
1483
843
427
483
488
586
479
717
441
386
1701
657
952
1969
986
758
439
623
86
1048
1118
1509
980
110
990
1320
449
1448
1017
1789
1021
556
1503
1487
463
591
643
8
1113
1766
562
15
615
803
1038
651
1707
1391
1965
585
881
1907
332
218
860
672
441
1104
1866
948
1550
1862
1368
896
1197
1734
263
836
1949
1531
486
1146
1944
1865
1040
961
1175
508
439
1002
196
1773
1712
1991
1301
501
700
1271
983
608
1564
323
1169
295
1655
1581
1447
395
1763
879
1979
131
340
619
525
701
1304
999
445
426
589
1699
511
1459
798
1981
942
833
191
678
879
1397
1620
425
119
1155
1559
1431
929
97
1031
899
743
1867
560
149
608
362
981
959
847
1040
263
957
1339
1248
1832
437
403
655
435
1386
1443
1334
908
1852
264
1565
1652
730
692
1704
238
1706
77
1841
1628
473
956
65
374
1600
1258
459
722
1949
1378
524
1810
1469
1144
173
1345
1133
1501
1715
515
725
391
1571
1481
1908
1872
1566
1974
1341
711
526
862
611
1669
909
165
314
1877
636
1620
935
881
1377
246
1353
425
470
790
1046
1331
1325
1961
708
1907
1600
992
1110
1658
1383
1077
1766
849
660
1236
612
1286
386
834
336
924
170
50
1441
1672
1645
229
269
1465
1993
999
1541
1358
1439
526
836
1529
478
1621
809
430
1965
10
1
49
956
1785
732
216
1356
599
1388
333
1490
5
627
1798
725
772
1934
656
63
1679
511
722
1600
281
1272
1955
1487
434
1793
569
900
144
1185
962
1653
1184
1013
1290
1889
1181
606
826
1582
73
1996
208
718
1324
154
28
857
1601
1199
1341
16
629
252
828
1062
517
809
1
608
459
1583
972
1289
1914
1316
1726
1607
716
298
469
1887
1550
806
598
460
1205
269
1082
997
1847
213
684
1556
702
967
1007
1920
1001
33
192
828
709
46
974
1061
784
515
449
366
1193
1073
750
873
1869
929
1529
1979
1951
1754
611
1168
1126
1515
201
1201
86
1525
1550
930
1427
305
282
34
569
763
1989
1706
1098
1231
594
1637
1065
95
1264
716
1864
1190
1168
946
1437
1564
1492
1540
1724
329
948
546
826
1637
524
830
565
764
1296
442
1492
124
1738
92
1869
1066
395
1611
1512
286
1114
1017
1214
1286
1353
1516
556
1000
1994
965
1120
334
934
1214
266
382
1407
1866
766
789
171
1865
525
1460
708
1850
1965
219
335
293
1967
1767
1781
900
1871
1104
1679
325
1865
1149
1667
258
1043
1032
457
1469
1712
110
1919
677
1129
1982
1897
1684
1626
1314
692
1545
203
182
1497
937
1317
1415
1563
643
761
237
606
1878
173
1221
848
1854
933
1551
565
498
1600
1709
1226
687
1099
608
37
1084
600
1497
1043
1831
711
1148
408
1516
105
1945
988
571
1094
571
1442
573
1104
1110
318
1130
1961
1669
1398
1359
521
1969
1919
1042
1124
36
1460
1596
250
53
538
966
1664
1384
131
643
260
702
147
812
1989
149
138
1091
1076
333
518
1798
1467
1355
1510
1365
1324
799
107
594
288
1487
601
597
1685
241
1936
1020
903
1095
1819
1544
1311
977
1095
1549
1851
794
543
1731
1934
487
1535
61
1539
554
302
1447
1673
764
54
1724
762
824
996
240
1252
1267
440
1672
1188
1552
115
1900
1762
1748
484
1971
1909
1244
1807
1687
1529
1696
778
1535
911
1285
387
953
587
1244
1673
506
69
657
1012
659
1546
426
997
1075
36
983
240
402
1052
40
632
1595
1838
693
247
311
1763
131
1244
1019
955
184
1711
829
1552
1381
161
599
1687
1264
356
1039
457
1117
1871
520
379
1793
347
62
742
488
1624
629
1037
1104
136
297
1888
1763
1348
1020
1599
788
1166
561
251
875
170
1524
894
1935
71
244
157
1701
1869
1578
1696
933
274
279
308
1091
928
256
1503
1371
105
50
1136
1190
373
407
943
1058
1657
35
1422
550
749
949
741
639
1168
430
961
1435
792
785
569
1888
1946
1718
1388
1684
1840
578
1857
1355
117
1631
1590
577
1900
1448
959
809
1776
1180
1669
1095
1433
1615
1240
240
514
936
357
1167
1504
68
1512
148
424
177
657
1828
1688
686
322
378
901
809
757
1116
521
243
21
1899
336
1622
224
209
346
1432
952
1317
542
795
143
1157
1797
1806
389
1232
1647
297
486
893
179
719
947
631
161
704
1930
1977
951
538
1060
1444
194
1150
626
918
1029
257
715
455
