321
1856
576
1442
1070
725
897
249
122
369
249
885
1846
954
893
1363
1352
515
1642
1861
1510
1059
118
52
925
1341
1660
1634
1754
1926
1752
929
1209
1866
498
281
1533
1965
507
204
841
1615
210
567
1436
137
532
528
625
1676
673
971
1833
943
181
1915
1789
898
895
703
157
432
1759
549
1929
388
762
1976
965
1411
1072
1297
238
1392
758
1080
1249
852
1732
81
204
689
683
552
1367
1361
105
887
1451
1880
199
1657
773
336
1900
382
768
1662
1067
1663
1987
949
1397
141
469
1019
1499
422
596
1048
1133
1223
1661
1284
1835
70
1385
503
1505
1115
107
1590
1476
1589
765
21
1521
473
1783
608
507
1720
845
1072
182
1695
485
1000
272
667
1693
921
199
1240
1160
1353
957
152
1969
657
1792
379
542
758
308
590
743
1614
1294
795
1212
1501
965
487
150
1080
1427
1761
1617
1292
587
690
789
1745
1383
1725
443
1847
1212
402
1376
1948
89
626
109
1988
883
1886
1485
693
1059
1873
417
1691
268
69
1038
1845
1187
125
625
469
77
518
1957
38
314
1173
355
1411
573
315
48
1028
1028
1610
1089
978
1394
332
846
1982
725
1102
1458
168
1815
573
788
820
1725
1660
968
350
1521
360
1461
1684
1975
265
36
524
977
365
916
1392
47
1167
221
1016
1923
1185
286
92
382
1204
472
49
13
527
1376
133
332
1469
807
1057
1268
1341
1216
991
1934
1037
160
59
802
585
876
1267
1920
1151
517
650
734
1541
1018
962
1733
249
803
16
227
1717
1923
1904
641
1283
119
1531
1392
1571
473
1693
1316
202
1109
572
563
1079
81
1270
1088
1487
913
1725
1838
1812
988
1472
961
1206
1031
511
1337
151
1269
85
246
776
1609
1
850
1438
118
885
1845
269
1184
1807
468
1065
249
985
1433
64
668
1025
128
368
106
1069
97
1390
805
1545
373
444
1648
1734
1001
1393
149
694
1356
47
1077
1886
332
835
1853
1430
245
1588
1382
1459
1781
426
341
1849
332
209
1931
617
809
525
638
782
361
705
1848
1614
1234
1394
1360
1967
537
483
816
1049
957
1001
1923
1330
175
1459
1187
421
36
115
898
651
1890
279
1382
1808
1037
1517
425
874
1001
1968
704
1108
737
455
953
1529
921
1561
577
1012
1253
75
533
990
1926
1445
399
165
571
88
1663
1723
952
1133
449
70
1267
1420
750
1284
1599
1893
1895
318
997
56
786
1156
913
1532
1177
869
911
1849
1694
199
1661
157
301
1680
923
1894
750
1247
929
1439
42
1618
1657
325
275
1645
1408
1895
661
99
22
1066
1398
12
1169
1912
525
1266
4
1715
439
1699
1840
799
620
1979
1102
340
652
897
772
61
313
107
909
1816
445
919
1896
1037
112
1101
1612
373
475
644
799
1184
1237
504
569
871
1621
1736
1096
575
1109
1740
1397
1052
421
341
1511
1246
835
1874
818
1154
1016
1169
844
475
1249
1071
553
304
523
324
1784
169
1211
1215
1709
711
521
955
1286
1188
1121
749
1808
731
704
153
586
1366
557
1859
107
1470
113
1983
423
943
1057
1118
1805
905
837
1753
430
1079
341
355
274
1704
750
1515
1480
427
1201
450
1385
1027
625
1529
1905
669
38
105
1713
1623
1621
288
331
170
999
1199
938
1264
1078
89
893
973
1315
9
916
1026
1708
355
253
96
429
537
1651
51
1026
1715
461
329
1793
86
1345
593
286
1950
290
263
1686
1981
1144
1528
231
809
1011
244
763
1280
1293
941
1475
1295
719
472
5
605
843
545
1571
1344
618
1880
673
677
892
1493
1595
1363
369
1937
443
1769
1793
796
683
562
1907
1691
1640
446
1237
1661
719
1470
961
706
1622
1613
1658
596
1257
210
601
1098
244
641
483
1024
259
1232
1048
1193
972
918
305
1980
397
1089
1243
232
1491
778
1403
940
1104
1925
1199
1891
911
1010
668
1413
488
1552
397
1851
1023
795
1789
1732
620
1969
373
1649
1104
1525
1445
391
259
1952
1645
710
188
1709
1948
1033
1620
125
379
996
1037
386
949
1317
386
637
709
749
185
1257
483
993
1375
440
154
1594
1801
1601
451
563
1348
825
1014
1904
653
1733
1423
1048
1973
1341
197
1013
1710
1865
903
480
1229
1237
1347
1501
1532
1709
1200
1337
1097
1089
489
1896
1849
1207
1431
1083
1701
239
1944
1235
1557
1565
620
1365
476
1693
211
387
1414
116
404
1040
1090
1257
181
1729
925
961
1241
1433
462
1116
585
1060
1325
1622
1335
1659
1073
735
1637
1496
1554
1534
1137
1942
507
1799
1782
1873
935
1661
950
1782
1842
1614
1898
1475
1601
862
818
50
1848
822
486
1779
486
1786
7
1259
429
1622
168
722
1577
978
1148
826
181
1591
1105
1597
586
587
389
1267
1805
1219
1461
1993
1425
1182
444
892
1501
1503
878
253
201
762
1084
1508
1830
1844
844
1244
552
1975
1313
1913
316
384
599
312
1097
1001
380
1208
1845
1032
1109
1643
990
211
810
1013
1616
1808
596
373
742
1445
1141
774
265
713
1640
314
1214
467
1431
1004
1560
106
135
1
904
1898
57
1023
1490
717
1546
863
1813
863
301
573
1580
1516
1552
467
1001
1669
257
726
1800
1620
673
9
1043
950
1313
726
358
907
1780
1313
1544
901
626
308
1505
1549
1417
587
95
1337
623
565
1941
1524
1978
286
155
989
1424
815
429
992
1105
1640
193
552
547
693
1521
1211
1572
833
585
1322
1341
1348
591
885
1278
907
5
157
1825
1178
1366
653
974
1177
797
937
1247
99
920
529
872
881
795
1788
441
669
691
1679
659
500
1884
1115
1305
169
1720
679
417
163
1429
2
35
1578
1433
1109
1468
498
1637
671
545
1
1733
1417
750
1280
237
871
578
20
1511
1103
276
1973
829
530
1884
341
1827
1342
1313
1581
1596
988
342
53
1277
1934
1440
1402
728
651
385
681
1793
769
1197
1626
137
1116
193
1114
713
722
1398
71
481
1127
1948
1272
1996
832
1872
788
1025
1985
1573
1553
701
1011
1529
1923
1073
1253
1118
1922
1968
368
1240
215
549
347
1739
1432
673
897
1955
854
1305
860
300
1804
1917
1425
1525
1462
777
1801
529
230
1105
394
60
1914
357
27
1859
1966
609
1659
1229
818
1763
407
1233
686
1541
453
1091
1758
1699
1228
300
272
1309
784
1537
1666
503
1592
356
1675
1749
36
1400
835
1016
851
885
89
1720
781
1081
161
1734
1997
1553
1938
885
608
1372
1285
120
1665
1201
1348
1817
9
810
1939
610
1571
921
714
1169
61
1266
1193
416
1922
941
106
692
15
1623
1877
681
1533
1581
553
861
1037
1739
105
552
458
1720
677
1067
593
1729
1164
1264
830
635
1928
92
1679
1240
1727
1993
1433
1820
1154
1196
1104
1749
1857
793
91
1593
1089
1946
584
90
1516
805
268
59
413
142
565
1977
998
1534
1086
168
350
1177
982
1838
1959
1176
1933
1763
835
900
1053
712
573
238
645
270
781
12
88
591
908
1541
968
712
1077
1523
184
738
1237
1194
1682
237
1539
392
1956
554
1093
249
1981
517
1094
106
1467
322
1706
481
1357
594
1289
1233
1
1240
844
1950
92
657
31
1857
25
97
1105
1637
52
1933
407
615
101
1991
1404
1616
1066
110
1267
261
524
719
1232
1048
1823
1440
1936
1596
745
1296
682
681
1994
599
909
1269
349
1103
1001
793
194
1549
1956
174
608
921
1973
1129
1456
938
1652
756
61
1699
228
405
1160
360
1317
132
1152
672
1642
1609
1069
394
432
87
779
1920
227
1369
710
1472
625
1043
1065
723
102
1445
453
773
84
1148
1547
323
794
1106
1330
345
948
1858
405
1327
1398
376
1255
430
1799
53
786
1844
1241
777
440
1001
571
232
1218
1328
1404
636
1793
297
1987
578
1013
1355
45
642
1130
1339
374
1405
1849
1493
1225
781
1493
494
1949
1241
664
1913
824
1164
330
846
1834
1438
1910
1673
1088
680
1417
1743
1980
685
119
899
643
1433
1681
1092
813
683
1067
986
883
408
1337
1577
800
182
1095
1755
1466
1843
1991
866
620
668
1873
963
1804
1363
803
1111
1087
239
885
1291
992
1326
1984
640
35
561
62
1300
1440
797
1462
1730
1913
502
1512
1200
284
724
1531
1884
1521
1451
1304
627
1406
1348
1472
385
995
461
1132
349
337
1451
392
1654
822
1600
1048
1732
1951
1493
870
1919
1131
1025
1080
803
1411
1847
1967
1488
63
1447
1716
81
1859
1832
549
1836
1405
1537
161
846
225
1347
1305
1531
1853
963
461
1671
1640
1047
778
1686
1272
1286
355
1328
645
1649
1126
1491
1193
829
1625
1001
1114
1369
1093
1041
1161
1393
1692
1344
290
1093
1047
1608
510
633
724
1820
511
133
316
825
1886
844
915
1572
1095
1769
408
28
1925
1302
177
836
331
630
1075
401
810
115
123
1009
810
708
515
824
500
1708
571
1110
448
1273
1854
1180
1504
1142
438
262
404
1192
888
219
1644
645
887
655
518
1810
1962
195
76
1349
471
316
1470
1783
1110
719
292
84
1967
289
761
476
1021
774
1858
128
1340
1339
1972
1873
850
475
117
977
129
1812
341
1900
652
525
1561
1383
333
1733
1077
145
639
973
1959
485
359
83
1932
65
1294
272
723
5
452
29
1773
826
1017
1909
299
75
1253
142
1658
1161
710
601
440
440
1881
1540
1830
781
37
492
1086
269
563
1593
527
1474
979
1062
746
1449
1472
1753
932
129
1283
1784
212
1853
635
549
1852
535
1989
289
1536
347
1522
1573
1316
867
175
1271
991
461
1861
69
449
1478
1778
176
596
1871
286
1502
1530
385
1849
1095
717
1591
1904
509
575
1493
1890
1154
1929
1122
1136
172
1702
288
640
750
1205
135
1936
1155
1791
520
1974
193
1556
117
616
360
1553
761
1634
1418
767
815
957
1305
1233
1040
1312
413
1143
1405
1028
83
1656
608
1503
1632
1055
352
1726
795
531
1537
1094
1766
353
1209
726
997
1103
1109
1232
893
1551
1160
1029
1143
1020
797
1459
1243
829
1862
1092
365
1783
1308
399
890
387
1364
1173
310
1024
221
696
1184
618
1562
1218
765
921
1258
724
502
1237
637
518
1821
1888
1745
1103
1848
1840
516
1424
1711
1784
884
1869
381
234
205
195
1015
1150
857
1143
513
1113
927
145
1056
899
1939
1441
1675
973
1868
1025
236
1759
176
1297
861
1571
1558
156
889
801
1726
1105
1310
108
433
328
1808
1592
1191
1531
1429
1888
1516
1936
1654
43
1322
1284
1148
91
1713
581
1885
956
1445
1969
621
1778
1242
1577
1750
395
1339
1512
1549
44
828
172
794
1910
563
970
1221
137
230
251
1369
376
84
11
1782
949
1861
1689
1340
1056
1712
17
817
1472
443
985
773
1820
1353
1674
373
1098
427
1355
1619
1937
1820
215
140
1090
1136
1992
1473
1002
1909
1064
1595
1470
717
116
1799
620
1669
33
808
162
1605
1348
1549
543
1838
1223
323
249
242
336
1066
1456
1510
1757
1232
1917
203
1945
1246
1550
291
291
115
365
1002
1361
1391
709
1015
1872
768
1267
969
1892
361
1587
1934
272
1624
1816
865
1258
1049
1653
1037
62
215
995
1743
796
267
512
1078
912
1174
1622
603
1389
659
888
885
875
1345
556
1671
1323
946
1921
1449
391
1270
140
1133
1236
1009
1658
1046
1674
1907
1109
712
68
1687
723
1121
1924
797
90
1473
1885
353
580
879
1706
1305
793
1108
1619
1033
1603
1106
843
1348
1566
1843
1351
1390
1868
1145
329
56
1889
1398
933
1818
74
1589
1277
1227
1848
221
865
874
1243
1639
1260
1516
1876
789
1545
641
1883
1649
1232
8
772
1527
1947
461
1383
695
8
1520
124
1517
1693
945
836
26
1529
301
1465
1519
1291
1760
970
1469
516
1534
1887
1353
62
767
1791
23
1589
756
1233
542
1052
872
1836
1654
681
303
1022
47
755
1591
841
899
1751
761
1625
1931
761
1665
1232
910
1965
480
1810
413
709
1997
738
1260
1497
48
207
689
195
1912
980
745
989
1622
458
320
1025
1526
225
763
1108
1304
1228
790
1644
537
13
457
557
1248
215
505
495
1435
851
1284
1333
1069
574
345
560
62
120
1224
149
705
953
686
578
845
144
640
1823
1726
1512
1729
476
452
9
317
712
270
1843
1580
1127
255
301
1256
785
1382
1663
1145
1166
1875
1008
985
1047
1096
147
154
1383
1125
1587
305
1536
1841
1699
1581
605
378
1169
1629
969
1349
1163
1521
1786
847
246
1653
1553
109
1864
511
1797
1732
424
1704
1344
1943
1950
926
144
1172
392
1970
745
866
429
1856
202
305
1352
130
315
1736
1458
402
488
326
997
488
710
295
889
1348
1406
1193
1062
1605
562
1392
489
274
802
745
157
759
1073
1851
781
641
14
1876
1294
968
867
1557
213
1703
564
709
275
922
990
964
210
1724
1757
622
1284
1134
728
497
1039
1718
1213
681
752
29
1780
1406
1283
1782
809
580
195
705
1142
101
628
1121
1919
1694
813
681
1487
46
1006
1329
1472
386
1166
1904
1778
290
1478
84
1233
1426
1408
1873
441
731
1553
817
1084
1969
1153
1799
849
812
1431
441
1135
235
1125
36
1900
1065
107
719
169
516
1667
654
1163
929
667
188
1109
1856
1439
1019
320
635
1913
780
547
916
1023
1877
769
556
304
474
1092
394
617
1943
673
25
1272
1325
1304
789
1872
1051
705
173
1813
233
981
1628
445
508
1397
1453
50
780
1809
1845
805
741
1686
856
121
1627
1960
1381
1145
607
1538
843
928
39
863
1579
818
325
1713
367
1115
1365
1526
1827
193
1605
1312
105
1321
833
467
1005
1421
1262
1684
1544
1570
387
405
37
1827
1622
803
1043
1552
461
1798
1605
261
1730
1214
1043
1402
1807
1710
1859
1490
1787
700
1282
815
731
644
769
1397
1483
1827
702
1691
461
1311
968
1605
313
1769
158
1386
806
1996
501
1536
769
937
715
1888
395
1890
573
1925
1140
1805
1048
888
458
628
1330
818
529
70
458
675
113
1657
1611
1552
1141
169
653
1838
290
1113
245
770
54
253
1117
744
1199
457
1463
1834
405
592
376
1357
900
374
1073
1087
436
163
190
1447
673
511
551
1628
26
1272
953
1570
309
1988
272
976
1961
1622
1885
1907
73
1019
635
754
2
369
1206
1700
1226
818
1049
1040
466
182
1305
1761
994
305
1690
1564
1616
1860
1320
599
608
949
1744
1742
470
1947
1007
13
1052
641
890
909
974
1517
1939
800
88
1271
459
755
1565
38
1694
849
1645
552
690
1558
1298
305
44
196
901
1669
1565
1897
1589
678
641
1100
1653
1126
386
169
1835
18
1512
386
1215
289
721
900
1744
529
1151
893
983
1588
121
1818
1883
211
355
535
595
1045
858
1101
735
187
1608
900
397
414
1704
929
1997
1521
304
1747
1523
40
656
1669
1243
1187
794
833
1208
830
1376
1544
1790
639
1364
296
1268
470
1229
1608
1031
318
547
1946
1764
901
1460
1150
1581
811
1113
1675
551
719
1316
1004
470
1958
1922
825
1252
614
1121
622
704
1397
893
1034
453
1194
922
1461
1913
1175
1621
1565
14
1659
1010
1565
1137
724
728
1953
1377
753
404
1220
1250
179
1133
1010
682
646
1827
1741
25
13
236
1073
1245
1318
927
387
497
1148
1689
1908
1805
943
572
1655
1517
647
1316
48
1216
1817
1042
1713
97
393
713
1141
1635
65
1045
519
516
1616
665
733
97
442
1889
245
254
25
1766
1321
1618
1631
622
1372
890
253
585
585
1347
1736
1940
1934
785
458
1169
1196
517
467
660
188
1457
901
892
1720
294
82
1949
1157
345
1367
1052
449
1891
1800
1106
20
1177
57
893
635
1412
360
203
183
687
1577
1721
268
1372
1144
1108
1699
1245
1025
1037
1777
342
1931
1808
1893
1369
1
564
1057
971
1511
1893
1560
133
208
32
929
1345
609
699
1475
1144
1095
1564
896
722
1283
1913
1125
290
129
49
353
1198
1512
144
1420
853
890
997
224
353
1792
1396
21
1265
1865
1838
1713
121
1201
1637
83
1659
1002
1243
155
482
345
1024
938
1579
237
773
1313
1362
1317
718
1196
822
709
1740
997
1060
82
651
80
1338
228
756
314
719
1049
819
1444
131
739
509
691
1160
191
149
81
1388
933
380
702
243
1379
93
984
1059
1618
565
1883
812
561
1882
980
1225
1920
197
37
1829
1120
920
745
1548
1219
984
1467
1110
1332
1060
1282
1714
625
970
1559
1580
1816
1491
1150
860
187
455
621
1593
866
345
369
1739
1490
1467
445
1741
1904
972
124
1951
288
1308
326
1616
712
344
789
548
500
11
694
224
1137
844
509
631
1739
832
312
1369
969
1712
1847
131
1411
749
1721
1976
22
1350
205
109
817
1920
259
1363
1984
848
555
905
327
1463
205
645
1609
75
105
434
508
1757
1251
754
2
1777
728
581
1140
1519
526
1764
517
754
1014
1171
1800
1531
459
450
522
1011
1011
1356
184
1762
1388
515
119
1469
1747
195
1788
1946
865
1596
1981
248
629
615
869
1816
97
1896
268
46
486
293
697
1621
1375
425
1538
1782
1888
1063
1763
670
376
393
793
1388
985
434
1091
1555
823
1389
93
1318
1243
1865
427
243
963
857
1264
1044
864
350
1251
1985
755
684
297
1442
931
1067
1349
1552
116
1989
552
582
1922
582
497
1129
1249
100
860
1667
1197
1607
464
742
1064
1513
1098
1760
1212
98
352
709
1891
1915
798
106
1682
367
809
577
264
1499
1374
1170
1183
1323
638
381
872
800
1299
696
1649
909
1388
328
122
1478
1649
144
1653
1239
1935
1048
1553
1412
1450
1935
501
1679
1109
1734
1658
932
629
539
701
1609
593
191
948
429
284
565
311
1781
1933
910
1745
1118
1914
297
1069
1493
1277
301
515
1762
53
565
885
1521
469
1847
332
299
151
1028
17
1275
366
1076
1403
801
1194
1753
731
1485
1689
361
1658
224
1874
1276
533
11
727
376
571
1189
1872
169
901
1179
188
421
1740
600
1691
994
925
1097
483
1236
733
1211
163
1446
182
384
821
95
318
568
504
568
1187
252
1037
789
1105
1338
1501
1780
327
1557
296
664
844
1660
1033
1445
1424
732
790
1178
1101
43
1706
1273
1992
1693
708
1130
311
474
289
1333
1298
749
512
1519
215
1528
1540
1157
356
1166
1768
298
63
1181
1809
1125
1496
158
378
1377
1700
1898
1070
1807
923
1284
899
1979
193
1772
72
1696
1435
1758
592
675
485
666
1483
795
473
1258
1195
4
34
301
776
1559
1317
1777
1407
1838
1328
357
767
1900
444
459
247
1571
1494
250
1164
57
773
195
1469
1457
1476
1779
1338
1920
1002
208
332
1784
1859
937
668
1225
944
953
836
354
224
1353
1585
1601
1701
1481
953
1716
1915
62
623
1157
1593
1598
725
414
1635
1176
1506
771
1169
437
910
1497
1057
1096
224
932
1730
1670
1531
976
812
793
1831
1701
381
163
940
512
1528
1723
1506
4
793
962
1029
1750
1102
1320
858
910
596
1037
769
1749
1428
632
1694
1270
302
1837
1110
1694
512
1148
153
403
1193
1261
120
1814
923
1061
1347
1718
1666
704
719
1183
1419
157
521
1533
1742
472
1449
244
1414
1763
1224
1057
1462
821
79
1554
1221
886
1588
1403
1043
845
1120
125
1769
367
528
206
1632
893
1614
1231
1325
1446
302
1924
369
493
1500
1589
665
1921
1612
1691
1103
509
1784
1764
468
744
1519
1064
1550
697
1605
1257
651
1153
1537
130
26
1418
1269
377
1403
1617
1598
1169
1773
555
1544
1436
1326
988
1408
1559
1620
192
533
1781
82
249
1877
1175
869
1407
47
1554
1033
86
1868
1998
1135
53
1647
591
283
1149
1236
316
364
265
594
1061
991
1396
274
1113
1657
572
789
707
332
844
925
616
1763
1823
1061
1
1952
1061
1712
367
705
1355
142
864
710
787
894
1787
1409
1699
1985
1037
1841
488
691
539
256
934
929
1145
757
113
436
1481
896
907
1550
913
571
1573
1149
1657
1432
631
152
35
1008
1181
1227
300
683
1930
17
1923
331
1226
1527
417
524
281
355
1257
380
913
402
1352
505
374
12
1917
585
1636
452
468
1325
1656
1085
1969
742
713
441
662
1153
1990
659
1585
1452
1017
616
917
309
1521
884
1180
708
593
177
1722
1193
1459
987
2
1821
284
1460
104
1331
1769
1019
1384
1438
462
1100
466
986
1
692
791
1519
369
1793
916
1573
1507
1317
239
1293
1669
1872
1628
729
544
877
260
464
227
1240
85
1319
1894
453
1205
1153
14
1481
1541
1144
1844
989
1954
1269
1557
89
697
953
44
167
313
1871
1997
571
78
1060
407
1791
5
950
1469
1513
1204
1160
80
109
1934
654
303
798
134
1945
1638
884
412
1538
698
1367
1993
395
612
1503
563
1691
1959
393
1979
289
761
886
244
1291
544
1635
1727
928
676
1285
1053
1699
359
923
1507
164
207
1609
285
579
928
53
272
1439
1688
923
980
574
686
849
1477
1149
328
729
1370
1241
943
1513
437
1573
743
860
1299
1232
1556
894
1609
819
1084
228
1004
724
1407
1682
1628
195
359
1658
198
621
1655
1745
525
249
757
497
106
457
1705
1368
808
563
50
1853
1034
1611
720
1515
176
164
1681
646
1780
1260
1622
1403
1060
1000
1469
1813
901
150
265
389
659
1692
240
1618
1026
1949
274
1790
1800
898
1447
347
1345
961
1643
1841
916
389
693
1204
1991
1180
638
1314
98
860
837
497
1718
1000
825
781
1537
1377
332
1499
1856
1484
812
1181
473
98
988
101
530
1336
1753
1868
1679
1148
653
1857
597
1703
307
1579
837
15
487
42
167
1056
882
606
251
1485
1713
1272
1536
1581
501
765
289
1467
193
1403
1146
217
128
1401
884
1708
1897
1007
1275
23
536
664
785
535
736
1421
142
268
480
917
1375
578
1669
1949
226
1942
793
1619
1497
1217
1077
1196
339
1701
739
312
1149
1909
1753
1789
1476
81
873
370
1737
1105
548
93
17
896
1339
1213
1345
1008
1722
1657
1444
1165
1015
1529
1782
661
229
23
1814
206
1733
154
697
891
1842
346
269
405
179
1015
275
763
1488
1341
160
936
683
1181
933
824
454
1216
63
1095
872
3
250
901
48
817
1939
971
770
413
407
320
1145
1807
1690
418
1285
1019
1289
1297
486
1791
175
71
95
1433
1247
165
8
1646
1950
1829
1145
1312
1615
181
608
484
1136
1713
684
881
88
370
159
1834
163
1188
46
309
1961
76
263
1971
458
1059
1913
133
1000
780
1782
304
835
1760
54
1924
280
1779
633
662
1504
829
1462
1465
884
1220
212
82
1133
937
1521
935
1644
1748
1934
698
412
1531
1201
129
1310
217
697
1847
590
821
838
1437
1797
1538
983
216
105
353
1757
1332
1897
1767
575
1395
1007
8
1561
707
801
785
337
1060
1917
692
1893
572
1063
1781
944
606
276
1790
1403
1472
1517
1358
812
1016
926
1425
1263
175
1114
205
1994
1887
697
388
1201
818
1806
1429
93
980
629
451
547
507
1389
703
483
310
1485
806
873
873
923
1447
1268
821
1767
701
1692
1145
1593
1272
1841
756
1179
1568
1310
0
1125
1502
1348
1433
601
1651
1523
1897
365
1001
1118
1365
1909
1133
538
1101
1313
1148
340
1028
1361
633
19
1105
220
697
714
1603
460
1572
72
1709
1321
830
664
413
1552
37
1163
501
762
1659
42
138
1243
1616
1984
641
743
1663
1521
19
208
1799
1283
359
780
1133
469
1696
915
395
244
84
529
1397
257
1478
650
1
557
1862
1949
1016
1941
1321
1083
480
1598
518
1313
194
1115
1801
891
352
601
1324
9
940
1929
207
1701
756
1529
869
1309
803
1457
962
162
735
1850
1211
632
1492
1798
1786
464
616
412
1885
667
1321
1300
735
672
1117
164
1625
220
947
1718
275
305
706
1977
322
149
829
281
1813
259
1315
59
1424
1654
209
1929
1016
320
1852
878
1561
837
1448
1032
1890
865
279
977
401
1651
1150
1529
994
1444
898
1904
1372
155
734
590
1845
524
302
1754
839
92
475
1675
1142
790
1315
1944
1384
1716
1312
1321
948
619
1925
758
373
1292
1373
872
141
417
741
1916
1618
1841
1506
1074
233
95
982
586
228
458
1040
1220
561
1899
1211
91
1603
991
465
874
1935
249
1521
1321
1103
175
185
797
1426
65
1105
1560
754
466
312
135
801
544
168
8
1059
1635
771
1197
1182
698
713
1898
1754
1116
940
1055
873
591
1482
1737
777
825
1134
1346
1085
906
1481
768
280
1165
1
1456
539
1463
593
670
934
1344
54
143
1318
265
625
205
586
225
1669
170
1955
1537
1257
1618
357
1000
705
1550
408
1408
924
1129
10
1093
1073
1921
292
1077
1631
707
670
89
843
377
316
1000
396
1181
1329
1562
1573
1761
66
458
1709
729
400
1999
1456
1497
1690
1610
1183
1013
1658
789
1086
1091
461
1410
1208
1456
483
5
1029
1520
937
1664
1357
1668
1132
1095
413
933
309
955
1237
741
517
1383
173
1479
65
1021
189
1566
910
887
297
1546
1659
96
1550
1908
1735
408
1249
300
773
677
180
732
293
740
409
94
558
451
605
569
1877
453
554
1632
746
1136
1516
1786
1439
1119
956
656
1507
1229
317
1474
1193
1118
1372
1251
1386
361
1669
571
1689
1481
553
460
1591
1877
497
1516
629
985
97
1974
294
41
1366
1565
848
337
1384
472
1241
467
632
1422
1027
1081
1011
1462
324
1264
1072
1584
1796
1264
65
1887
1408
103
1572
1495
447
1397
1206
236
1728
920
925
1659
1628
363
1408
1614
1343
1131
169
1053
1403
509
1078
365
740
1096
656
989
6
1699
809
1631
909
1807
584
133
1398
1928
56
225
134
357
174
22
353
740
1006
1247
511
62
734
1665
537
868
1598
346
673
1537
1280
1713
1619
1953
960
1446
1635
115
1782
84
450
1625
1369
1531
1619
1665
413
901
53
700
133
248
1772
842
411
187
1796
230
1864
1229
929
826
1135
565
562
1478
1236
1784
1631
1252
926
1865
1495
17
1851
839
37
538
1851
1847
1253
187
1044
1711
929
1881
889
1003
1997
1369
525
336
774
1628
681
681
1597
1318
1643
965
616
1373
840
904
77
432
1818
546
1293
1264
476
688
625
1043
837
743
665
388
871
736
259
237
1025
568
536
1513
541
198
1082
1403
389
1910
1375
1577
277
62
6
1109
962
395
1411
943
1984
1205
1609
1806
190
1955
197
748
553
799
398
1806
1386
934
754
1739
576
296
211
513
1181
1331
1070
1730
1968
1897
1185
1633
1681
1180
1277
1535
565
1154
1561
1874
709
531
1519
761
1376
806
272
241
318
145
1177
1905
1680
247
1357
1709
332
247
1449
867
1097
865
509
252
1861
1148
416
868
1004
872
599
1969
1574
1154
409
1559
479
230
1540
451
1269
1181
953
1376
413
355
1151
1535
926
1801
1601
1710
1343
1627
175
1467
467
880
1934
1841
1743
91
805
1709
1547
185
413
1387
1477
1451
1432
1340
1145
1310
695
332
1366
1045
1893
840
272
1178
411
694
899
727
886
1198
1204
1051
332
1308
1546
1867
938
1231
497
306
1709
1263
1207
1834
453
897
1723
1354
1137
768
1313
464
1649
1754
1037
693
1056
1939
455
654
1521
241
1851
925
1393
1730
821
676
1761
1111
1115
1006
1641
684
1844
1486
683
1629
1295
643
225
288
990
1429
1149
1851
1025
923
73
124
1582
1700
472
1497
877
993
1920
591
933
877
1823
1533
140
1364
1620
1316
1832
1476
398
322
1583
1208
1182
42
534
1060
790
61
569
960
904
1604
548
1395
1240
441
1809
1055
1638
592
1939
922
1175
827
601
695
1772
1867
191
1800
1888
662
928
1243
328
283
869
746
1963
1559
1268
1709
1891
1813
139
1175
547
1033
1329
605
344
315
249
773
687
1536
1570
803
1900
1038
140
1147
1922
1281
32
429
1493
1760
1901
1803
1565
1276
945
348
33
491
956
1310
1144
232
468
917
1637
617
121
688
10
1466
791
1609
1213
1127
1004
1289
1001
1459
486
111
528
53
1015
903
55
569
1716
1627
1883
726
1643
1066
649
1092
1366
648
1069
544
1929
357
488
182
377
1907
913
755
457
1277
1877
1325
1567
1277
92
1410
560
546
949
1389
1467
1691
1282
1316
1404
236
1499
96
364
14
419
1761
1824
501
1732
1912
303
1547
1799
1481
1692
925
1398
1433
1433
164
650
234
1004
148
1977
151
1309
261
158
440
961
1437
1553
497
1129
790
220
1958
544
176
1427
837
1580
573
293
93
215
637
1203
515
1928
811
1969
601
1593
1467
192
541
1541
987
1649
1300
1873
1155
1460
96
275
1856
1105
1868
503
1525
1772
311
499
113
299
497
86
239
899
262
1077
1055
1790
133
969
1040
785
1478
1717
1244
767
437
787
1839
1912
1143
1512
981
1801
1234
137
453
125
670
691
1739
1622
1572
432
1130
1776
1133
1070
295
1283
1659
268
529
1191
732
345
619
783
1278
1396
813
1687
1718
1485
1196
680
1092
902
965
1
1133
1029
479
1497
839
1090
927
1180
1886
1706
1897
1318
1991
1349
200
1302
355
614
613
1352
1330
1286
1106
925
1180
255
1316
1408
798
648
436
1643
1847
1582
137
811
1029
377
520
361
1014
1820
249
1982
1406
1349
648
1116
1970
1480
1734
1005
1744
465
714
400
623
217
133
105
1749
78
1123
1187
1074
802
1146
1816
268
558
1039
1394
1910
1256
302
229
1685
911
464
1163
1435
702
1573
1406
53
1814
826
1402
1725
1981
938
865
731
1824
853
1056
813
1749
1538
1290
737
1948
988
642
1352
770
325
1757
152
648
674
1805
1947
1468
767
642
1360
912
1621
349
1570
1318
1006
268
1281
640
1227
1103
1373
1060
583
1489
241
596
1109
930
962
1673
4
423
989
348
1005
937
1849
1347
1773
908
1675
1082
1405
42
638
1110
553
1653
1730
698
1019
106
1507
1356
1041
786
817
149
306
477
189
691
1642
1440
1845
176
241
1389
98
1931
340
273
938
48
384
453
881
1052
137
1790
403
1762
874
93
481
1113
1117
281
56
427
1817
1078
176
827
485
106
1254
1869
1285
91
577
182
985
1352
423
1871
1504
1463
1096
550
1629
1417
1157
1884
1462
1070
709
196
269
1245
1151
1659
1025
488
162
1462
1528
602
1648
548
665
1721
1099
637
1461
349
1962
1609
77
228
187
193
1952
1634
1892
812
1759
1988
1845
1593
73
152
305
928
117
640
213
98
1709
1361
1895
1304
997
1979
608
1478
440
1974
1001
891
479
863
652
952
1991
899
371
397
1605
1960
216
1176
1384
1523
299
1123
221
993
733
11
1567
377
1321
1999
1001
1067
389
583
723
1327
16
459
1699
1569
1041
672
1905
924
1246
385
1025
225
1624
826
948
389
421
1219
1790
38
796
987
1806
434
173
1929
1824
680
1519
1057
1780
1104
1899
865
1703
696
1049
694
563
881
1197
406
1715
716
680
1394
1615
699
321
1709
147
1940
339
885
951
1056
1491
1496
565
361
905
687
54
323
628
1328
797
59
892
443
1243
1117
206
395
566
319
518
1782
120
380
221
975
1548
801
1670
1229
1069
797
1574
287
1557
1922
250
1096
1513
156
791
473
460
572
1729
73
328
814
561
23
934
1745
1621
1016
1394
1948
133
1841
1481
1742
520
332
1087
1248
1797
1369
144
1807
1144
821
1687
1484
1251
936
1811
1679
794
344
734
232
1577
265
13
773
662
140
533
1121
452
1305
1325
610
1885
1865
698
1850
1505
1244
472
1091
1629
1120
1346
1387
1315
130
163
1213
981
433
316
1901
1649
1005
1618
1979
245
1533
269
1384
621
818
1949
20
768
175
1168
571
1117
580
293
1051
782
608
946
819
557
48
97
1710
1860
171
847
991
1658
251
338
232
1939
7
1139
303
1513
1261
604
740
1735
436
1053
1223
864
1033
1247
1
1655
619
1548
846
1424
1613
155
1849
348
571
1890
1489
748
832
1616
1312
552
1669
1107
434
341
525
1456
1060
647
101
222
1876
1466
1334
1393
1393
315
667
1340
530
792
1219
1210
1395
1338
1660
1013
1843
1936
608
813
986
400
607
1206
1831
475
1058
723
491
361
1670
476
1873
333
1303
972
235
53
446
409
724
1747
1192
1839
979
272
1796
9
165
87
13
866
604
0
570
207
816
288
397
1781
143
417
228
1955
576
925
987
1634
712
1871
1434
1048
1821
61
1155
1552
569
1824
1858
757
1188
1996
1211
355
92
1493
1061
1309
483
1922
803
62
223
784
1472
710
73
441
1433
1808
1556
261
278
42
1465
151
978
120
458
433
248
291
1908
171
43
1915
682
160
1879
674
886
123
209
1475
1680
976
227
1470
681
1629
476
1868
983
410
1937
113
897
566
128
1330
923
1877
493
1309
1007
1323
449
256
901
316
1541
190
1157
209
460
1625
1796
1861
1825
1361
226
1993
823
1135
205
1398
1035
1313
1429
1619
1763
1082
187
518
417
95
891
538
774
1214
1045
157
1021
273
1271
288
1950
1060
578
618
1473
704
1979
1081
873
1964
1100
363
1682
1663
365
1047
445
696
1068
489
1110
1937
1211
1672
636
1668
119
903
1692
656
841
121
1920
346
1545
1677
1595
590
635
1161
131
1125
1483
482
1106
1026
84
1931
1152
649
129
1861
1842
1393
1025
1760
1285
1080
981
573
109
943
1082
694
1141
1118
4
1629
371
760
984
1330
1131
1787
1815
677
136
1241
1219
1495
1262
1791
1272
1781
1881
242
1597
1867
257
138
1232
894
359
1376
1163
662
1558
1274
1157
1535
1552
959
174
1123
1672
904
890
733
1271
1008
358
91
1939
389
1640
352
313
808
757
1681
1621
122
1601
682
649
963
1033
945
104
1386
1205
1277
1578
18
697
1541
1550
1828
701
1552
1115
1497
1900
1250
903
517
810
1493
1251
890
1943
963
1777
1265
947
508
1493
1114
421
872
1420
1964
248
1558
811
196
1793
1285
1510
1961
319
148
1429
1574
1294
672
67
643
819
543
1141
948
818
1090
55
1759
1257
1469
1753
560
1589
1482
8
356
635
1558
1158
1081
487
1874
1645
49
1943
1877
1075
1615
1993
1947
886
1134
1817
1239
1515
1080
1385
613
163
1344
788
324
1958
1915
463
1529
701
925
1955
528
195
1447
1006
491
1735
1733
710
669
817
1257
782
813
1457
585
1025
1332
49
440
917
690
758
1712
1645
1965
1080
1437
511
255
446
1925
11
1284
1808
1817
136
1476
906
1994
41
1750
1233
1081
166
890
650
1080
1538
1413
859
341
524
571
1476
743
335
1803
1325
208
220
347
1969
720
75
1032
1541
1028
727
1458
1116
1396
1491
21
1970
1061
1289
861
1667
1337
12
1605
705
1689
1830
17
1668
1515
809
1808
1909
1265
474
7
182
1246
734
176
635
1549
1620
1813
1945
1302
417
5
1968
381
960
78
1987
1869
1360
1693
1208
1526
769
1088
1949
274
946
268
1228
1105
1387
84
144
311
1858
921
776
239
548
1575
61
914
317
1030
1660
1217
1237
1614
1461
615
1581
73
1315
7
653
1348
157
664
1312
149
218
1465
672
746
1336
566
453
1727
1416
253
1720
1093
937
1111
725
30
1484
281
263
503
1021
1044
309
1964
432
659
213
213
254
1259
862
1802
206
1541
1205
1056
814
254
1186
1302
256
562
1320
1019
1185
884
1128
812
1721
1171
451
1766
1580
1109
1046
1536
88
1080
1540
930
731
688
625
1441
921
1941
1587
1679
1240
65
1133
1331
1303
857
1226
82
457
1497
517
1697
1169
538
947
898
1588
454
1697
392
866
1512
1002
800
376
121
1477
1360
838
382
1663
169
803
412
973
1348
526
1705
1150
1262
1180
1282
1465
470
191
404
1334
1683
1355
1395
805
1610
556
1367
104
1304
1001
109
1898
1887
1247
1040
1054
1493
1810
940
1119
1622
358
1657
1665
1754
738
1980
297
1453
836
46
1844
324
926
564
840
1588
1202
1080
1331
973
1291
852
1531
106
877
217
952
1265
1223
1897
759
1187
1848
940
1254
1792
697
985
89
1262
985
986
1941
192
1283
960
1921
101
593
1520
795
819
674
1330
340
1812
700
201
373
440
160
1600
593
403
427
1491
1176
1889
1766
1262
709
242
881
846
1595
1154
323
1492
1132
488
439
209
107
487
1153
1685
122
1482
1552
1958
1673
1617
1379
1610
1860
641
500
424
1972
171
623
562
738
929
80
171
1348
361
711
1879
1426
1468
1533
511
728
1326
410
1384
1669
1706
722
257
828
1017
1121
780
532
66
1867
1185
434
678
674
597
1232
1243
771
1363
179
1638
1813
1592
265
1672
817
476
649
833
1265
1019
1569
11
507
288
1037
159
1568
1632
1581
1017
1541
617
8
166
1086
1535
1879
579
220
1012
1080
175
917
23
65
1073
1698
1264
1205
521
1643
1771
1217
887
282
154
1773
805
250
1108
1900
775
1793
1764
1778
169
1451
857
1597
819
1861
971
1116
410
1477
1519
416
471
1260
511
1424
475
903
389
683
1936
1584
1191
1302
1772
1770
853
505
893
823
1948
1553
620
1357
246
1669
1727
1496
1778
937
1069
128
873
1694
832
814
1740
416
437
980
1145
124
1473
1729
897
851
709
1004
53
759
725
1383
562
1101
591
1465
933
123
1165
379
1693
35
1933
1088
1253
412
704
1496
1490
832
732
697
1013
1483
85
1634
510
341
142
1368
1786
190
249
1557
1333
1595
200
1333
373
1113
310
817
1550
1738
898
1059
1877
1190
1409
697
233
1929
130
25
1347
459
1244
544
551
1281
325
1616
233
213
145
1528
1408
1459
1129
539
1107
176
889
1200
1979
1161
1034
1232
1645
258
1639
327
1608
883
1976
480
151
1519
841
1796
897
0
557
1704
1639
752
1471
1621
1560
866
1667
67
1684
1786
74
587
386
999
457
965
1684
1102
1589
1377
49
1663
1371
417
728
1696
170
38
1597
1744
279
964
1016
457
1256
803
1088
1118
1424
558
1336
1553
749
1854
1803
768
1169
1280
1713
890
653
1067
203
800
1462
672
1857
1332
864
689
509
763
64
750
1460
194
1649
253
803
149
1106
964
771
169
329
1296
1342
784
1485
123
1427
925
1658
1796
1455
404
1127
201
1937
1777
857
52
201
276
1540
416
785
797
1928
359
719
834
317
226
1165
828
341
700
984
82
1688
1435
937
707
382
161
1641
275
5
123
1613
1975
1864
532
1142
960
933
373
541
1162
600
702
173
1769
1833
562
1368
1542
1349
1802
718
238
65
840
418
518
1516
1129
1896
1735
1444
412
1423
1883
176
181
730
83
872
1652
1942
1700
122
11
764
556
7
551
767
1525
1214
1327
479
1637
503
524
16
891
444
1980
1689
713
888
27
1312
126
11
1839
57
151
663
224
28
325
1136
1004
216
839
172
1441
932
658
1970
1889
977
1040
1733
161
1387
937
219
1893
693
1218
889
987
761
398
637
1768
1626
578
917
948
641
1909
1826
1680
680
646
1290
1384
556
1708
1035
707
241
858
1021
1952
153
1322
960
1019
881
753
1613
1473
227
1961
1300
1591
1907
773
334
4
1393
321
398
1321
610
1403
412
1473
474
799
91
153
254
1755
1009
1111
835
1046
784
661
517
1877
1805
475
1029
7
1334
345
893
1925
1066
1642
879
161
72
404
300
570
1287
857
1888
119
1833
456
1202
1773
1127
476
938
654
102
780
755
1667
1959
1615
1154
77
1909
1973
294
403
1655
1141
1370
984
528
952
1475
1251
1211
699
1883
372
1479
1505
1293
1185
528
219
76
379
1961
1712
1729
1316
1292
404
779
993
1146
652
898
1758
1543
290
1320
788
1849
1357
1619
565
914
11
203
677
801
475
388
649
1507
1715
278
140
851
323
1198
91
1078
161
1013
1920
1769
1782
1054
1253
67
1391
400
655
551
605
1930
1997
1945
70
1385
337
609
33
1549
1817
189
435
827
35
226
1972
1025
945
1706
1717
643
1013
329
553
856
325
729
1408
694
1833
920
665
726
617
869
133
1238
1213
623
1623
881
449
1097
1304
1376
1083
113
1616
601
1449
40
1961
1473
11
1779
1812
523
1421
1877
1593
1050
918
981
845
1821
1391
1677
341
1399
1549
1589
1663
1202
765
921
1874
209
569
1777
385
1441
541
1195
1808
1393
773
556
345
1111
1851
676
48
590
858
804
1843
1845
1704
1841
1838
1241
888
1233
1035
1089
473
1471
1508
1418
613
1005
568
1020
806
1909
1852
242
1628
1564
1216
1834
1986
1148
1589
1625
1613
1388
1849
1364
220
670
1167
1148
42
429
1088
800
503
517
463
1290
1747
1391
1523
1647
431
908
1901
410
1113
784
977
912
1721
1582
589
284
913
1719
141
151
404
625
644
1721
1141
1233
1369
1324
969
764
1524
1677
1497
1403
629
1313
1439
1312
763
851
1926
1573
349
432
773
1218
1170
389
584
1459
416
1367
1472
1424
565
745
1553
185
1300
728
740
200
401
1391
786
530
160
1943
344
1500
1916
607
1352
1703
1119
171
1777
157
15
1973
471
1523
1091
1952
1240
1683
1176
1529
1934
1556
490
1329
1849
1156
524
1480
1596
746
710
469
335
1296
363
1298
1842
1891
497
275
1747
47
694
1867
561
680
1965
170
1500
1212
15
1583
464
653
1025
166
627
1280
979
503
215
1691
119
1088
1966
641
1500
1725
681
990
1364
73
660
385
284
1267
1721
992
337
965
1371
596
486
668
221
1947
1396
1839
1999
935
758
1995
545
1862
906
1227
1182
757
1745
1078
1445
326
1717
902
227
549
350
805
1244
1078
400
1229
398
1139
433
1163
449
1997
1949
297
389
387
1751
975
1506
537
1399
1906
1338
824
1993
1021
881
1203
1718
537
762
554
1447
457
829
1977
942
1485
187
1349
522
348
625
1348
379
289
1721
1209
857
1842
748
847
1739
1284
1604
1560
645
448
1373
1961
958
113
781
1913
1180
1769
1825
1963
1363
1613
1273
469
1929
315
12
1408
416
1310
1602
990
1381
543
922
322
973
1544
613
1385
569
270
57
780
117
1537
1757
866
1733
1576
961
131
420
500
121
345
361
1657
1633
1483
1485
1596
1819
35
1331
573
1217
1121
1912
1537
1211
133
636
1531
452
310
1585
1786
540
1543
1632
943
1828
945
1821
692
377
1060
1772
1097
1345
120
1249
385
719
1981
1153
935
1795
1721
1067
92
1814
1127
725
461
1401
798
873
610
10
38
1948
829
1453
507
1401
636
1456
1617
208
1953
995
1884
208
517
383
1917
1766
142
1893
913
1165
1971
619
1737
1161
1693
548
827
1481
521
934
638
1549
687
615
595
917
41
69
930
312
517
220
1261
1241
1148
24
859
264
59
969
643
212
1538
1151
1300
331
612
674
284
1787
401
520
288
746
1211
1649
423
1203
1831
1055
587
563
322
553
1481
653
1705
1926
1877
1086
1261
202
1944
1070
323
1771
899
553
312
517
1587
1739
103
1397
515
1365
1593
1812
1681
602
1221
1465
1345
832
577
1952
1066
1677
1762
264
74
1769
171
1227
45
1969
412
932
1184
1003
1973
1159
929
537
881
907
978
1858
369
1418
818
1864
1583
1653
835
1240
189
1879
552
800
1837
1757
527
361
1912
1194
1920
1410
123
150
711
1876
1448
1200
778
562
827
499
622
1662
823
1526
1738
297
79
1992
971
96
1043
1352
1092
996
1401
1637
1430
179
1645
155
1856
1991
669
1404
689
1194
1689
1257
376
296
880
153
160
1310
7
1616
1450
734
953
1085
497
1898
1245
1596
1882
225
1640
1738
454
1002
229
1867
1510
1869
253
1320
1180
1611
203
637
1382
265
1675
593
1465
1977
1784
1013
1661
1441
1595
321
1069
346
38
1880
1747
579
1153
1274
1349
810
208
313
1131
698
1152
1553
1978
727
1193
1626
1053
1733
835
422
376
1599
1321
1769
1963
7
1280
131
1826
1091
1612
584
974
152
95
1956
485
528
11
677
227
1082
1308
1598
1040
1453
1645
1929
1422
1460
1990
1661
1973
844
439
93
1352
1244
1605
1712
1738
1271
135
245
140
1753
1872
307
1409
367
1752
1188
457
1061
173
1467
1529
1595
174
66
860
1965
349
393
152
1950
809
52
698
847
257
944
833
84
732
43
1512
1732
1364
1310
674
670
1665
1773
1844
1564
968
315
800
593
512
1447
964
145
1702
1526
891
117
1510
1629
698
1059
913
923
985
415
607
1395
1577
544
1570
1112
1013
604
80
239
1345
1373
28
203
1986
1222
1718
1421
31
305
1055
329
1339
1931
1140
576
799
883
1754
1357
1337
1214
950
516
1430
96
1484
493
1915
1473
1214
454
493
1250
1301
482
848
70
891
188
700
1682
1842
866
1096
518
1092
557
1240
1947
965
1921
962
1502
777
704
836
1940
553
212
20
880
1515
1747
501
821
1149
1265
206
1130
860
95
1563
1996
1531
1948
699
351
1799
1934
1016
1221
1836
114
1920
1363
1827
597
1835
1283
132
741
1709
1270
1165
422
296
505
1305
1650
1538
1000
1385
537
1062
1751
1192
1408
381
1816
688
628
1375
1124
208
881
594
1772
362
1244
1637
317
377
1406
1320
1148
529
353
1761
808
1178
433
1076
376
1211
1083
1585
936
657
1503
151
1429
278
1547
1074
1029
129
1469
162
391
407
405
17
1991
1985
852
690
1388
253
1890
923
451
1843
1804
1346
1211
11
726
1034
1636
708
756
756
1311
617
1862
1381
645
812
1061
953
658
1544
1720
1204
1694
1677
387
1383
143
1737
964
312
1745
675
547
251
373
1323
608
1801
1335
409
1212
1239
400
789
1565
1811
1732
1731
1644
1201
1515
271
1081
1782
1308
457
1889
537
58
1794
353
836
1208
1532
514
284
379
113
1880
497
969
1888
645
1070
710
113
119
1613
1261
1568
651
1165
547
905
1453
697
1727
1346
22
2
1247
400
22
1225
557
225
1920
359
1623
375
1904
369
638
915
1972
620
1444
745
1451
227
1933
25
1658
211
58
201
1816
1083
1038
497
880
854
610
1050
1277
628
680
826
1377
1313
1953
25
1705
1677
1485
164
1813
1215
1129
1380
1883
1701
1620
1987
1360
1188
1808
1877
877
1124
1609
836
16
810
494
809
1194
953
1373
1637
1335
523
970
1185
1077
233
1001
785
1980
585
180
1049
1612
1890
1061
1330
979
1991
1574
1891
1134
1566
1754
1633
465
1610
1851
1273
254
317
852
1236
1588
1025
363
1693
1508
1772
67
1683
1059
1523
1084
724
1236
1781
1223
775
349
449
476
872
1467
923
1716
1548
1299
540
809
274
809
1196
377
880
1560
1969
1969
875
472
604
1987
1407
632
41
1958
1009
1194
1356
595
1534
666
1121
1366
1034
662
1540
867
1636
1361
589
1615
139
1069
753
540
131
1368
1704
1583
1094
1456
1141
545
1600
475
1299
68
36
1718
1917
1078
1969
297
1568
302
209
513
1636
1624
1381
753
1417
230
1917
1361
1570
1935
1442
1582
884
416
1136
261
1588
165
227
1651
1649
848
109
1934
968
399
1401
1798
692
1290
1673
269
771
183
1744
165
789
1694
254
272
1895
955
1772
1889
300
517
1748
335
268
899
1992
1397
152
1699
1917
801
1467
1852
665
889
412
1448
1136
468
939
1240
168
760
1541
1926
1582
788
1484
1979
1387
263
681
1083
348
99
937
1220
837
1197
478
1556
101
1949
1540
1901
827
1510
753
276
1503
878
1917
1852
1213
592
1329
1509
799
1109
1624
1316
245
1469
1685
592
705
1744
1277
742
281
1211
1622
1566
1042
1723
1094
1095
584
19
133
1518
482
857
1403
269
1769
935
1775
1487
1860
730
869
1500
205
1467
1160
608
1228
1418
510
1834
614
1025
1357
392
1717
457
1353
925
953
669
606
1296
1524
928
365
651
640
711
55
965
373
826
1712
1001
1580
518
1082
866
1863
1058
473
696
1605
441
1332
1403
1916
954
935
1689
214
1443
22
1274
1883
603
1682
204
332
667
881
1913
105
245
781
817
1713
781
1501
272
1070
697
280
1988
766
488
305
1294
1290
834
1358
1915
1813
840
852
88
1405
277
1561
441
308
105
1808
40
828
1529
714
305
1275
1549
1682
1214
1646
860
1304
618
664
512
1689
23
263
633
229
117
1289
1666
1357
1177
1502
434
1526
1433
558
1767
288
518
195
412
1197
1541
1693
1726
309
234
954
587
1317
893
1145
1635
1264
248
1002
483
648
885
1298
980
1577
396
504
1004
1222
1442
837
1925
1504
1369
1387
1200
1997
1141
808
1190
945
1387
1665
630
1475
1265
160
1328
1085
795
1101
1888
464
949
950
979
1354
336
1845
630
1462
981
169
1053
838
1400
428
1364
1413
266
1217
666
1685
261
1220
152
365
1809
1977
1538
1272
273
1057
1913
1949
1520
1649
523
235
1571
632
1533
1187
1789
1531
1811
1546
926
1412
292
1859
347
1953
499
160
1455
1922
308
1298
1321
1222
1712
952
1528
392
1648
825
1137
456
612
1848
1710
1077
205
45
1617
222
774
53
1663
303
374
1279
622
677
1566
254
1238
464
205
992
1070
1796
1213
404
1579
913
57
10
1491
976
1771
1607
1101
945
131
309
689
1040
700
233
283
568
1065
1162
434
1479
1169
246
961
254
1337
780
1106
1491
1097
1088
457
369
826
1226
1365
1127
1400
1299
1686
443
1516
1905
1951
821
1302
1749
273
1371
1372
1739
1532
1636
251
833
1509
348
37
229
532
1391
1938
1305
1152
946
1947
745
1246
1669
657
1007
325
536
488
1863
1227
1871
1240
1628
1897
736
1662
676
1790
800
1297
1750
1209
1798
1852
1824
566
1851
1637
790
381
977
860
971
772
1883
5
574
1310
268
398
770
1363
618
675
201
1752
1751
49
1864
697
1739
504
1056
1638
753
1334
1889
80
1142
542
49
1453
893
1935
1348
861
825
964
357
1465
324
904
995
969
1799
1143
573
760
585
251
1153
1710
620
1537
736
919
215
913
1812
351
101
333
1151
418
22
67
236
697
714
1326
709
1180
1340
144
58
1326
1589
13
1037
904
661
593
211
1223
25
475
95
1449
28
652
1556
1784
1043
1460
1598
535
598
1309
282
397
796
1330
1316
1752
688
1424
238
1313
1420
1860
1861
1514
1808
1936
2
1012
1325
295
23
1217
985
1578
385
1103
1833
1274
1584
1535
1164
1432
1532
1583
1673
1560
562
1741
1575
523
75
1604
381
1831
275
29
185
904
290
1136
1406
1717
1450
443
946
1705
1733
652
889
1688
498
1045
1250
1274
199
845
1599
1435
1084
891
171
1002
825
356
1815
1194
1189
1591
149
197
192
52
1542
291
290
1421
704
910
1782
931
47
1295
1709
1593
1497
1221
920
1788
1807
1399
1241
763
52
1654
548
325
835
832
79
1196
1438
1888
1812
1
1829
738
1483
565
1554
260
77
593
972
505
809
589
1958
774
1805
930
1852
1480
1223
454
320
241
133
1206
1079
164
528
572
1980
1163
1
437
1162
283
1673
1671
1714
946
661
1779
961
1033
1090
901
1369
160
1605
1893
1139
651
1339
208
1934
129
581
453
1433
1978
1938
1625
1178
312
784
1183
545
1402
351
1440
419
1735
731
915
86
1139
1293
1714
434
1677
1347
698
255
1087
926
1645
1496
939
1455
640
224
984
588
508
1413
1112
588
1345
1041
1712
739
1657
891
1428
1625
1666
1055
469
242
1669
701
1378
1567
569
163
872
1017
293
746
1145
288
1754
689
866
1490
1174
1156
1411
515
55
1190
236
1613
1183
1004
1114
329
1489
404
226
824
1841
341
815
1304
806
1133
1829
1424
925
1011
286
191
249
1648
1049
1961
916
1980
1957
193
1660
33
1469
1753
273
1858
1261
1999
1017
1573
1417
459
389
1677
1523
1941
879
1820
243
1457
1637
1941
1028
140
1154
1891
251
658
1325
1916
1898
1864
710
411
1149
1249
1872
709
245
1506
1288
1056
869
836
1285
1349
1710
1912
921
1264
1526
981
256
1789
729
1790
262
1836
291
935
767
1056
467
1299
443
245
152
92
1766
1867
1148
1658
425
178
1895
1453
1285
1232
1044
284
887
1877
1055
1191
1080
362
917
355
1431
580
315
464
1496
397
1348
1934
1334
91
432
1609
442
1778
505
930
696
364
1537
1441
132
1014
338
1946
574
572
1580
1333
409
596
1003
1711
963
827
325
849
1229
999
167
232
1285
405
304
1418
1784
929
1235
526
767
1351
74
601
1953
1908
1281
1348
1553
754
965
1084
1174
772
669
976
1616
1592
817
1926
52
197
372
1213
177
1033
1002
922
1142
1747
267
321
1556
229
1226
1822
819
380
789
1619
945
581
1449
281
5
440
1919
686
1672
1565
1398
1263
1178
464
539
185
1439
1971
1737
1274
983
77
284
1650
1734
1034
1915
921
1457
1267
1085
1570
440
49
1640
859
1961
673
1622
640
150
456
1913
1223
1641
1152
681
13
530
644
1140
1076
842
1207
1591
1299
207
725
235
917
356
491
1493
646
102
1375
1730
254
206
1993
1802
1993
225
802
1881
806
116
1592
1272
1067
1323
1791
373
1983
1608
972
1476
1928
1804
828
713
994
1420
986
1457
1562
1279
1340
1717
1621
171
1410
908
297
326
1040
959
1576
1756
1777
1772
1509
1772
384
290
1901
467
1820
710
328
1743
1757
735
1804
1817
1147
251
775
684
957
259
334
1184
304
1834
277
1364
1334
1510
469
1828
115
1048
1960
139
233
251
1924
1656
1514
462
399
325
1561
425
780
345
61
203
1956
200
376
1267
1976
649
768
1552
1723
450
68
980
464
125
776
331
1240
423
1913
1330
1018
960
1552
986
1581
161
763
764
454
113
565
195
143
1663
1469
1741
1426
1792
368
453
494
1056
1926
1995
323
761
1070
1891
41
1247
298
638
659
650
902
354
1577
1190
1694
388
1963
1487
694
1142
163
1625
8
1541
203
472
1183
734
787
263
921
997
955
796
641
331
1374
268
447
