1161,949,1333
1315,67,67,386
1266,348,402,1698,618,1212
476,1340,1244,-1,-1,-1
1013,949,1333,325
767,445
406,1603,1795
198,451,1795
67,451,55,1663,1795,1603,487
1427,1402
1339,859,1537,763,1723,187,1627
1563,609
1252,147,507
1975,1003,787,787,1057,1111,1111,571,679,193,694,147,507
1723,763,1537,1627,1915,859,1339
383,607,1111,1003
1975,1435,763,1537,787,1147,1723,1339,1915,1111,1003,859,1627,187
1003,1111,607,1102,1651,679,571,139,1975,499,499,1543,168,147,471,1167
76,1300
1802,502,502,607,1111,499,1435,859,1339,187,827
313,1573,1321,709,1285,-1,-1
1368,781
1285,-1,-1,-1,-1
418,370
1273,1411,643,313,1573,517,-1,-1
1653,1781
1581,313
1292,1663
421,416,805
313,1573,1321,709,1969,1285,1177,421,25,25,805
1749,717
1739,1703,1703,943,839,647,1523,935,1511,79,929,71,71,791
1523,1703,1703,727,727,853,1357,1357,469
1225,1873,1009,577,865,379
935,727,1285,781,845,461,1703,1943,313,853,1781,629,173,416,995,407,1511,25,997,269,1205,605
1873,37,757,757,597
158,1703,1703,727,727,853
1873,1225,1009,1354,217
1703,647,839,1511,1375,935,935,943,1118,407
416,416,845,781,1177,200,1421,1781,853,313
192,1957
127,775,499,1291,396,991,1639,139,331
1093,1077,1381
499,775,127,139,1639,991,1198,1651,559,1342,1195,715,343,1423,46
1273,517,505,343,991,1198
1954,991,1639,499,1291
1093,1629,1381
1927,991,1198,1639,127,775,1342,343,1423,910,559,46
471,75,1767,687,1335,39
771,1093
1219,931,1363,1723,1075,427,715,913,247,1507,1507,859,859,1993,611,1907,449,305
933,449,1907,1043
1637,1723,1723,679
1723,1723,931,427,427,1795,913,913,1111,49,49,823,1008,859,859,1507
449,1907,611,1043,395,1217,83,1448,1259,515
913,427,1723,472,859,859,1507
617,1265,1553,353,449,395,542,542,410,1080,689,1649,1217,83,1406,1838,1838,1706
1207,931,1363,913,817,1075,427,49,715,1723,1777,1507,1507,859,859,1993,611,1907,449,305
174,938,938,68
1723,1777,427,49,142,859,859,913
1199,1571,923,1355,1715,707,59,1884
1191,750
55,415
1884,1884,1111
901,707
707,923,1715,1571,1355,1884,156,66
1236,396
1884,156,66,1788,444,1020,1794,1308
1715,1485,599
1520,1571,1415
1287,822,654,654,321
822,654,711,462,1614
581,1193,1877,410,113,113,869
577,307,1883
875,-1,-1,-1,-1
438,822,1614,462,558,654,1038,1974,1398,246,1884,882
1883,875,-1,-1,-1
570,1398,438
438,822,1206,654,1038,1974,1398,246,1614,462,1884,882
1883,581,875,1193,1877,1486,113,113,869
1599,159
449,83,515,1600,1259,1907
611,1907,449,353,306,1043,395,1217
1297,1760,321
1812,1938,1986
1304,1259,611
817,817,449,83,515,913,913,1217,1907,433,1259,1043
997,449,1907,611
449,395,565,1259,1043
853,321,1131
1358,854,1610,1070,1286,1298,782,782,314,1178,1730,1142,1142,326,1946
705,1327,175
1610,854,1070,1100,1286,206
1270,1594,10,546,982,1306,946,1554
1759,607,1646,1358,854,1610,1423,1039,494,1070,1286,1298,915,559,463,463,314,1178,1730
1336,1384
67,470
1178,854,1358,1646,1646,1759,1610,1286,1070,494,494,1423,314,206,206,991,1351,1946,1934,559,1711
1937,1759,415,982,298
1970,98,1286,758
938,1532,1802,1004,74,74,140,351,572
1995,1511
364,706,220,220,1558,1570,184,274
290,506,1028,1586
58,1570,922,1084,1397,1948
1442,1004,1004,1586,1511,1879
1388,290,506
492,1570,1570,1174
122,398,1511
1027,133,1637,461
1180,1948,1948,796,796,412,748,220,1084,316,1660,499,979
499,979,1651,1075,115,139,1291,715,1974,1084
979,499,1775,1075,1651
1545,139,1291,715,561,499,115,1075,1843,1651,331
715,715,469,469,541,331,139,1291,115,499,891,1075
979,499,1823,1075,1651
1651,1075,1843,499,115,139,1291,715,331,330,1084
979,499,1655,1075,1651
979,499,935,1075,1651
315,220
1172,679
848,1111
1111,499,679,1375,1975
1875,795,795,787,679,607
1781,1389
1543,958,463,1111,499
679,17,1111
1111,499,679,1975
693,507,507,787,1111,287,1055
679,235,1111,1867,1975
1139,683
1445,683
561,395
682,1330,826,1762,1114,642,330,1804,844,1546
1835,-1,-1,-1,-1
11,1835,491,395
11,59,1163,1547
1290,642,1938,978,330,1788,210
11,467,467,215,215,778
1056,395,1451
115,1843,691,907,1075,1291
115,1843,691,907,1075,1291
115,1843,691,1291,855,907
907,715,289,1873,37,757,1291,1441,1513,1513,109,331,1579,1225,115,115,217,1843,1009,1549
1779,217,37,757,757,1749
1665,331,907
607,-1,-1,-1,-1
1549,1225,1360,1729
1660,369
289,1873,37,757,145,1513,1549,1343,109,885
