764
1631
1473
1141
847
177
1948
1020
1211
15
293
1070
1245
1013
1441
1477
238
341
230
918
1963
440
1321
1659
1669
868
560
1833
1350
697
916
1116
948
987
1133
1005
825
1384
1088
575
554
733
1637
162
1961
802
1073
1028
1030
1615
491
1960
472
1204
275
464
219
1733
1667
1565
1137
241
485
1294
1322
719
1525
874
1225
1421
1209
564
485
31
1128
1465
880
681
865
1877
531
365
1739
1963
236
1717
1885
1333
1000
1095
335
516
1453
1769
1177
1197
1310
336
872
1309
1293
1231
836
975
1734
1159
1586
635
393
121
288
995
1215
811
1755
1442
1010
668
973
1469
824
1925
1155
1875
1803
1035
1997
1424
1600
1927
929
955
299
938
458
896
1523
161
147
899
297
593
868
1883
1436
1954
207
131
1653
925
937
1044
1722
629
690
1869
941
629
1256
1629
1667
1814
1957
1883
1361
1491
339
1885
1708
17
588
1615
1510
363
1384
1169
296
632
1340
387
206
1595
86
1808
286
59
911
232
1561
1726
866
1138
130
690
740
1690
1049
1977
1469
169
597
410
394
170
1812
451
597
1372
1381
1550
1874
357
507
859
406
97
1720
787
435
1225
1471
1592
1924
626
1597
1007
767
839
1860
1064
1719
1631
893
1347
405
1367
1831
1905
1546
12
304
1108
1024
1854
673
1169
68
725
923
1476
141
1736
989
431
1376
542
1856
52
481
1754
1185
1936
1713
1916
623
1720
1167
980
1289
320
1091
658
1153
1702
1059
432
640
984
1582
1380
1757
1358
748
1102
954
722
1649
576
578
600
277
452
104
134
379
1905
464
1549
1006
269
90
1424
257
1825
1727
863
1639
383
1714
194
793
1984
1576
250
1158
754
794
251
218
170
1639
72
1825
1233
1645
1841
80
1483
332
1620
928
1395
1062
711
1179
644
1241
1090
389
594
1754
1158
447
14
888
1872
197
1529
433
691
837
853
358
1477
1668
1226
1105
1469
307
1052
572
999
860
1870
59
953
1117
861
666
1091
549
824
1273
1202
1382
884
1670
545
571
824
241
683
1418
233
1010
433
1834
1078
770
505
1351
1328
359
770
1877
446
1094
1229
1766
1068
1784
1347
1741
1212
620
1091
179
189
1035
1404
1762
746
1786
1791
1831
249
424
1389
1462
331
619
845
1443
324
861
1204
349
128
10
1177
110
0
1592
72
501
1067
1264
1566
176
1627
446
453
981
690
1356
1497
1188
524
825
1113
677
569
1794
122
583
1520
921
1476
946
1765
642
978
1110
1902
1594
1077
42
1507
730
250
1429
489
601
438
1509
537
362
1297
1032
804
661
1630
726
1917
990
1808
377
756
323
886
416
1833
759
719
1883
216
709
111
766
741
1964
1695
965
639
1335
299
481
293
112
837
1659
1257
55
536
185
1199
1244
1255
1092
1089
1050
528
33
1480
1388
1086
1487
237
673
579
1400
707
1251
1945
907
1778
1589
1194
885
1863
1125
188
1017
1409
788
900
1301
1118
1167
1717
224
1478
806
1897
1945
1864
1969
1352
1028
1332
1629
511
266
497
533
667
1839
1661
1370
538
1939
843
605
326
229
1644
125
973
504
1397
1721
350
1552
112
1219
785
21
686
310
227
1349
921
937
313
89
604
1970
1923
532
21
1986
1730
357
605
1539
613
156
50
1891
1993
1888
1064
1216
32
485
1668
447
207
314
859
372
806
1641
419
1481
10
1447
647
937
1104
1624
661
1259
938
301
1226
1776
745
1677
164
637
43
1053
208
1727
1711
932
236
1348
836
381
772
1317
1905
71
703
948
581
362
1829
1404
1216
104
1268
1185
425
1721
1925
1942
1475
1105
1868
1924
882
236
1195
1075
589
1525
29
500
732
1168
218
187
849
1272
34
1121
1268
434
1190
1297
1482
736
1926
1534
1177
1848
389
169
426
920
78
1032
1148
1392
1245
1133
719
1756
494
1349
1008
101
227
1523
937
1954
697
233
1431
764
381
193
1042
1600
1978
1280
468
1570
623
309
1355
322
911
955
1749
56
182
243
46
1071
1821
549
1644
262
1189
1328
1072
1859
1964
1133
1093
1597
1781
1769
1637
1314
1275
776
1131
1099
1601
82
882
21
618
1839
276
230
639
1346
1694
572
753
621
1337
577
217
1273
1092
1010
1802
13
430
711
974
1644
1910
1400
1683
1807
1402
213
816
782
1334
431
1548
758
40
758
308
1522
1012
841
1088
1789
1906
927
97
713
1064
1452
1913
1310
25
1292
1789
897
1777
833
1797
69
540
1215
1055
632
160
1920
490
1330
1168
200
358
1844
1895
1885
88
1301
401
789
1682
538
1338
1420
924
25
1158
405
237
1504
270
1992
1546
1250
1861
244
1164
1974
176
773
566
1330
981
516
72
672
1096
1557
1499
683
1509
1887
886
49
85
1217
1717
1546
1118
221
558
74
1339
913
1676
1797
275
556
1721
29
33
545
1943
15
1144
144
446
1002
449
201
369
897
813
1121
783
1361
1881
1624
1477
1529
623
107
343
1820
64
136
636
299
502
611
1151
1277
1352
1948
1593
1474
1113
1366
419
617
702
1390
1369
1196
93
773
449
1281
1374
1589
1118
584
699
1932
1765
985
1109
1405
1129
1642
41
1905
1436
1613
608
932
664
481
1817
1874
1644
61
1397
629
1940
181
1573
1171
1964
600
1497
140
1413
1275
1074
57
620
305
995
1625
1069
662
1411
542
1435
1858
33
1502
786
1129
1844
822
921
965
1561
722
1015
881
812
1757
1156
1269
1297
1104
1337
285
503
521
1400
360
903
385
1614
1793
867
1005
1885
1154
1940
51
920
1508
472
428
1542
370
1402
98
72
376
1463
721
1329
1538
332
1722
1683
1712
880
1277
1406
1667
260
304
1163
50
317
773
1544
1002
1796
1422
953
165
129
1574
1689
6
1529
665
292
1988
1067
53
907
1497
1109
1925
214
591
1106
1673
859
1086
160
191
71
125
1952
1165
1758
437
1256
1556
96
552
434
907
1413
110
1853
1569
1195
431
1454
1865
1776
733
565
772
1265
586
35
1061
1542
86
355
1979
1719
753
1671
1339
1721
344
1272
1274
40
475
1193
1820
884
952
802
415
568
1748
1244
1887
232
1399
605
1727
991
609
1352
77
1857
478
1876
1345
1245
1755
116
417
915
525
1821
1613
1480
426
745
1736
756
1439
1438
1882
1365
1590
1197
395
1443
710
1164
1669
520
1883
1645
94
767
1192
654
1371
501
691
389
170
881
1014
950
185
1949
1259
702
1926
113
1105
1726
998
892
349
1245
549
5
1421
1749
125
457
1159
705
579
890
1123
44
858
1929
1960
1578
1453
674
981
1100
475
609
1481
241
530
830
799
1177
1024
1082
1130
1581
477
53
295
1257
465
434
441
1875
355
1824
791
1247
1603
1520
864
429
1974
1069
762
966
1644
923
1979
1230
1921
50
785
770
1798
785
201
773
1153
916
304
562
234
608
731
633
1899
92
721
1825
710
1544
561
121
848
1920
1692
547
761
515
704
1732
1605
1668
849
1980
477
200
809
1460
865
1877
1982
1974
489
403
990
1337
1992
319
171
1853
278
1637
1650
1511
179
1033
1707
857
1137
584
441
535
441
1750
1141
69
1200
409
225
637
740
36
1226
582
1377
1807
1328
1644
633
1374
124
755
61
1081
957
40
1189
1608
1081
605
1118
1132
1360
1243
619
913
887
15
1604
32
1512
620
945
511
631
1232
1358
1255
1804
352
532
83
736
1561
430
43
1409
248
1421
824
1676
443
560
1420
1519
1088
47
661
1068
1701
854
899
1968
266
1034
281
454
1194
298
543
667
1062
759
1809
701
923
896
285
957
796
1691
1236
781
459
571
1847
615
454
629
1941
1714
1971
1573
1507
1897
596
1706
445
1280
505
591
441
361
351
784
1136
1023
1094
374
320
1118
908
1457
1535
32
1697
594
768
467
599
87
1713
833
503
1675
1770
1565
1264
731
1483
545
819
1017
1457
89
654
971
874
473
361
1316
835
1998
500
122
1318
373
745
976
1577
1289
1117
1647
590
1015
1715
485
1161
1349
148
1944
1541
661
818
953
1321
1482
1453
412
1828
1925
274
540
38
1905
74
571
416
498
1195
764
59
912
738
181
277
1586
1627
1777
809
1450
863
336
1285
413
966
1123
1941
502
1281
396
699
944
121
358
794
859
1520
851
1223
1639
877
1439
384
1541
713
1108
989
1944
484
600
908
1915
851
1145
1565
1657
674
489
704
1541
1033
753
849
113
1574
1949
1303
1037
853
1691
1503
1438
1464
318
1292
1208
1347
1573
1693
1998
1705
313
308
597
900
1084
144
1026
861
934
833
1282
1036
1069
1473
772
1655
907
1210
1739
1935
355
380
1083
547
1220
733
1395
661
574
1024
1029
294
1404
948
628
1299
284
1263
560
1181
365
1919
886
1712
766
254
1894
302
252
862
1949
1484
211
1213
1528
969
817
1148
1665
1023
603
661
706
1040
1270
164
253
1996
1538
1819
1495
955
1555
469
785
1370
1816
1087
59
907
1271
1494
1603
1478
547
955
73
77
920
825
1757
790
1469
139
1706
1129
1144
1657
488
1053
1795
1673
1348
1389
491
519
55
405
1526
46
963
1866
832
1796
556
1817
664
884
335
1994
981
529
480
1100
443
1393
1449
729
675
266
893
836
1443
363
1781
504
559
864
1335
136
365
674
365
195
88
422
1105
1430
1925
401
1417
1350
891
701
1685
1049
1647
751
1141
981
1296
1920
570
282
827
1169
605
475
457
1513
1217
1813
1939
26
257
108
206
48
1812
1049
906
351
1668
1876
721
1447
369
812
261
1305
1596
1129
1042
1777
646
335
431
1146
741
875
1371
1061
1298
1929
1130
332
1851
1354
249
98
1026
1121
207
16
1805
617
408
419
117
1386
1225
729
972
681
520
1304
521
1681
1041
1521
1833
1746
1573
266
1504
1177
1477
1000
1214
1804
324
117
1285
67
1456
733
1237
1273
1666
1864
503
1171
1828
141
89
1889
909
134
846
731
857
1745
1486
1384
966
1311
311
201
600
1979
1637
1531
399
1362
202
1169
561
568
1276
1053
1004
338
1165
852
1352
164
1702
196
1755
215
1967
1118
1007
1852
526
1487
74
1466
52
732
1397
300
1505
1867
1124
1312
251
214
1487
896
1022
97
698
1753
43
673
970
919
573
117
1911
577
1499
395
610
833
335
581
32
1065
815
1466
921
1859
288
1184
1304
731
407
264
133
1360
818
1391
1559
1507
747
752
1511
1460
1267
1520
1945
582
812
929
1488
1920
131
1857
1375
1931
637
1641
1688
423
1528
713
331
551
1301
1401
1634
618
128
409
784
1736
501
1585
1112
1150
1885
450
1693
1405
1619
85
918
713
1062
1232
527
1584
926
1559
1672
1051
1590
1316
1340
1302
1421
1016
1037
986
476
1208
1540
77
971
1829
1506
387
1429
1010
1132
1816
1873
1634
1509
1336
1551
753
1665
1
1166
1357
1769
1306
328
1088
491
1283
1869
1780
443
1081
931
845
1673
970
502
1980
810
828
1971
341
528
1797
845
1031
1004
1077
628
676
1670
1080
131
75
194
787
1624
1455
365
1062
447
32
1272
1243
1625
902
1805
1754
1909
918
642
1187
1213
1844
1899
1440
1293
1628
1356
353
61
840
1707
1739
1816
159
1527
341
1561
738
997
1696
888
185
1672
609
1313
1801
1961
1325
1835
899
264
1213
645
1771
635
487
245
650
794
309
501
309
596
388
1730
14
575
1136
1934
1643
1412
131
1571
376
1086
1375
1917
1561
916
1167
1855
251
1424
217
985
1646
134
1144
9
178
832
262
1669
1196
1105
1048
1136
1053
1316
1736
1230
1102
724
402
1700
731
929
1466
1537
1859
886
305
65
274
151
1012
1600
971
1659
1615
815
264
1948
621
1807
25
1375
863
662
1216
1467
1904
1696
1867
965
643
701
257
670
225
1731
1725
1483
368
686
1767
413
41
1753
1633
673
1766
602
155
395
1558
332
1574
1024
799
521
1017
1303
407
1240
420
1520
1000
215
653
219
587
435
1613
885
1727
1504
749
469
1360
1151
1217
1499
659
705
886
89
757
1203
96
736
981
264
133
1481
1497
1311
1797
163
265
219
853
97
21
12
435
289
1515
89
185
95
745
197
182
727
110
1575
974
800
1329
1315
1757
409
219
1790
1391
1277
295
1798
1633
1136
1002
1834
1448
284
1885
1817
799
1407
1294
1757
686
1295
418
370
1580
760
425
1337
366
1848
140
1086
575
692
536
765
987
605
1556
1866
472
367
712
816
132
438
592
1664
1343
289
436
377
613
610
1359
49
95
990
1372
602
1883
30
837
579
1620
1958
1647
1901
528
1817
1287
1527
1015
1536
973
1744
671
1042
197
308
1069
1225
281
1540
953
59
1675
468
1888
1959
713
1699
896
218
604
465
434
996
646
56
1700
830
857
717
643
1241
1125
623
1650
1382
788
616
74
1958
673
1370
1493
776
1731
1433
845
1465
929
1032
1417
601
1626
117
1160
665
256
589
807
947
601
1223
1959
837
1685
137
221
128
744
1212
1259
1069
1723
1645
1920
219
253
1517
245
1435
1415
1420
564
1801
1657
856
1609
119
1013
1128
798
200
1018
1233
224
1163
790
256
354
801
1730
1165
584
891
1077
1766
64
1145
79
80
381
1295
1956
1152
813
88
308
391
55
1074
328
224
44
1251
69
507
16
1546
128
669
1406
1209
1837
211
2
107
1921
20
616
1711
1816
1473
551
102
1265
1537
673
1418
1296
351
597
1512
1978
110
1
1289
1483
1171
1798
1830
1755
1988
794
1773
1601
1056
1946
1619
1933
167
736
1912
1079
107
644
267
1302
308
185
932
325
572
585
1056
969
720
357
1717
801
1509
1396
497
612
1489
1669
573
597
982
1468
1941
767
224
815
1825
932
1921
1185
425
1459
1642
489
615
284
251
433
1677
1923
1395
1847
1410
66
1554
441
160
45
1720
1220
908
778
1234
1793
1123
1708
1120
1780
651
253
801
172
144
1412
1044
1804
441
87
1204
1066
1945
569
1682
516
1833
800
804
1811
1715
583
784
1444
1517
1166
779
1669
923
1958
1925
1995
470
1602
1247
462
1487
1258
1357
1964
1724
433
389
21
880
41
1826
12
1424
904
1781
392
283
1728
940
1815
242
509
1772
803
1475
1389
809
1568
1921
364
1495
1460
1175
1988
9
149
1183
1236
1038
134
1988
146
65
1082
966
931
256
1297
1771
1354
1948
1738
586
1097
1777
1480
173
233
112
1241
334
476
1697
544
109
496
333
650
1631
1958
1012
1105
1027
1165
1237
1057
15
961
1151
1810
626
317
1902
718
1856
520
603
1667
1480
863
249
1904
124
464
1675
61
784
748
1091
35
1099
67
1877
365
671
545
785
1413
243
563
1283
29
152
881
1685
377
1817
998
1221
881
1067
1033
1504
424
300
451
729
705
801
1629
936
691
1634
1564
1642
32
1546
1477
1744
527
1824
1047
565
1048
747
1687
1326
17
322
516
252
1705
695
821
553
474
1983
1072
132
1741
1061
1390
217
211
1102
1407
1597
1826
845
1243
252
1709
1219
1699
1075
542
1005
1854
1286
85
297
1890
1135
701
1213
533
1036
473
172
305
1673
1981
1805
1211
1499
807
934
333
1518
303
1296
288
1785
377
1449
1193
1720
917
457
219
781
813
1729
307
1588
551
579
134
1844
1165
785
1644
648
292
563
1619
173
221
309
715
1565
1401
1637
1375
1952
1485
1001
357
380
476
1253
261
983
855
235
0
190
733
1939
987
1541
688
866
61
1978
118
84
595
397
1893
1695
1874
89
265
1341
1777
1954
1079
75
1910
1117
582
873
130
1559
1072
1904
1369
1737
1033
677
606
1755
1166
53
553
1635
517
989
645
824
176
248
1875
1571
988
321
1541
1457
723
1186
259
1165
1572
1785
300
420
1447
1191
1538
1703
1291
374
348
1733
523
1109
444
1404
467
1788
1145
873
901
1691
1357
1089
710
1777
939
1501
573
89
555
1739
469
447
141
848
1248
175
1625
584
73
700
1732
1244
418
1290
906
1825
498
1743
1297
1161
1904
1532
1294
178
1264
1525
589
1117
334
363
878
1486
273
1137
366
1686
987
1071
323
974
296
1682
736
546
424
73
981
1149
672
928
720
458
1412
1742
1047
1133
799
1281
113
1718
1412
1220
1481
449
69
1883
105
317
1971
1340
149
98
1401
1717
210
1794
1887
619
1399
478
387
137
1863
900
525
1073
782
1324
690
1887
214
1403
210
1363
1105
384
1699
516
1556
38
1586
1377
1747
1970
155
1002
539
689
1889
1937
848
1937
356
736
656
700
472
1550
467
1796
1508
1123
555
463
961
1955
445
495
1877
1888
1241
325
1268
1460
1890
1316
277
1465
718
307
991
1431
133
1769
1529
745
1577
1268
303
383
1023
1341
513
938
773
200
1994
859
1838
459
1284
350
187
242
90
1027
640
1097
330
724
1894
982
191
1648
543
1529
1916
57
1443
386
453
1772
862
1493
979
223
487
1229
1085
197
137
1464
1253
1979
1228
1723
195
408
1514
1751
809
68
1025
505
1286
1497
1531
921
1546
946
770
923
241
493
1052
419
961
611
552
1596
75
394
683
52
1865
937
1853
533
517
1187
1326
1580
969
977
1664
1
305
1573
693
987
165
1659
1260
1386
1308
827
1920
1319
1320
789
1939
1323
1066
152
1893
522
262
1722
1433
377
548
616
1846
353
616
146
980
809
1548
1615
1910
236
997
593
923
496
205
436
1042
1706
1186
753
1256
1979
1205
241
811
69
481
1516
1106
41
1056
755
274
1150
503
941
746
1130
343
1378
247
1071
1285
1123
1573
1002
899
1875
119
738
548
1808
577
392
784
525
1410
133
1500
273
490
63
132
1590
85
581
602
650
98
1522
672
350
762
1348
1104
177
588
1729
1344
884
57
213
1437
441
863
495
65
1649
1343
461
206
729
937
1375
1689
500
836
1668
711
1205
983
879
938
1635
619
380
926
1986
1465
1838
635
1500
1823
1381
1647
939
207
323
644
1288
861
1620
69
193
127
1324
1969
1821
128
1541
14
1036
1908
345
1894
629
892
883
203
1085
180
377
361
1794
1234
1025
1526
320
129
1083
1645
745
1315
1068
88
347
1467
1277
1700
731
1338
137
555
1627
861
633
1852
271
729
361
1083
270
1733
1653
1426
1702
242
1375
1908
1658
113
1748
436
1501
1573
1729
179
885
893
1357
1977
1815
345
1919
313
1389
1536
1981
818
803
1391
1505
213
1815
1413
1753
1123
1214
929
1342
1733
461
988
1558
616
1006
823
1773
649
1373
1147
762
950
603
767
1892
1728
1610
1266
535
687
1799
948
1749
1383
1765
784
1466
380
902
265
264
1683
1235
1317
1699
853
1712
442
497
997
1956
1565
1564
1920
1919
74
215
23
1195
325
57
105
1832
212
1533
99
914
1052
1832
891
891
1799
602
689
1153
493
1408
553
613
827
770
1209
627
18
948
1124
600
1833
357
957
63
1277
1876
1813
704
457
724
1957
1394
344
416
793
786
803
1587
1369
1556
1717
896
641
1744
1462
37
1855
1553
575
1864
168
1214
1879
445
1011
1651
1116
62
1979
1172
543
281
1034
1153
507
901
1857
1073
1173
1579
13
1310
1337
1821
512
1545
1777
1703
1442
1165
770
125
978
1016
476
83
1963
320
1901
73
1143
640
595
121
839
485
1389
1627
232
441
89
1641
1338
249
754
317
1460
1766
677
1121
563
1274
1177
1829
1655
364
1739
1239
679
953
391
1156
315
587
1358
1033
38
1297
1213
1316
1232
1945
1738
521
457
1513
1893
599
1009
1504
1105
861
1425
1681
1425
1703
1084
1448
198
1135
1039
1990
850
1244
986
1331
354
1001
1726
976
739
293
405
1185
507
1519
665
1608
269
1857
1462
609
325
1852
1322
505
1024
164
1310
556
1033
1375
1362
1958
1937
1655
345
416
691
780
1568
593
686
929
56
1907
1193
778
705
1964
1650
77
459
198
1885
601
1785
1331
857
1375
491
19
520
121
1790
1913
1256
720
1075
905
1461
808
1631
633
1080
1184
917
1000
1993
659
1888
1222
392
1746
1330
1299
1994
1633
1177
1956
1544
1685
875
83
1479
356
1491
37
262
1825
409
191
297
1496
1386
1599
1031
1717
1840
1835
1909
1757
940
594
1196
224
1001
646
556
913
1176
598
1997
1174
590
834
1518
932
435
1681
1476
241
1204
271
1319
439
1052
1989
1897
1966
718
859
530
758
1347
1178
1545
1825
47
1490
539
161
943
1784
798
1449
1421
1641
360
85
1038
1083
745
30
707
771
1380
1100
1685
1313
456
977
1930
45
891
1985
1369
839
404
1379
621
1785
1654
709
962
1805
431
1688
587
1764
1292
99
987
1066
895
602
1321
1791
421
789
935
546
1300
649
276
1376
1561
50
499
1193
1017
1249
429
181
173
0
44
530
689
441
1480
1177
1977
1550
394
464
185
250
1685
1872
1886
521
1799
839
653
584
1961
770
776
386
332
707
1850
1376
208
1613
1166
991
1484
1224
156
108
637
1078
461
437
1514
896
677
281
1571
637
887
1249
1676
389
1017
659
1613
1008
1913
1120
119
1446
64
633
895
245
336
1448
692
1405
1828
1439
929
910
1494
1685
1960
1369
1576
1997
11
263
299
1804
502
281
1757
875
656
957
372
731
1393
638
1663
1653
557
1261
853
1221
912
237
374
1679
1242
1601
525
31
1221
1189
592
1706
603
1868
948
521
1434
716
973
89
1094
123
1611
440
763
1777
817
513
525
1681
956
1054
1080
41
1220
854
1480
1938
59
1563
23
1878
926
1791
878
1411
747
1661
1696
1728
1130
1520
902
1796
265
974
1400
1475
783
983
945
1092
754
401
732
1732
1011
485
1455
1189
1320
1314
150
489
308
365
1049
293
929
335
804
1083
315
851
904
1052
268
106
1007
251
1739
664
1228
1165
1256
233
1631
1141
1282
1765
1907
1527
414
653
1743
942
1689
99
332
976
1794
1277
1344
153
1740
1977
710
1822
783
1702
1757
709
668
1887
275
822
1307
1618
331
400
1955
1794
1790
66
789
1733
1447
104
1737
1966
1989
1716
934
1249
787
212
1417
1484
697
913
1246
1739
177
1158
79
530
1628
1684
733
1832
1846
1328
1659
1504
1882
930
1673
203
1914
1265
727
933
741
77
1017
489
1648
430
1881
541
1541
1258
413
585
1601
1805
1775
1887
1262
1885
339
97
1745
1973
1969
458
142
283
548
272
1550
1257
361
1705
1177
1845
1173
123
400
1184
1824
1929
801
1074
969
134
1316
1620
209
556
1369
1969
1808
1918
211
669
1965
1614
384
272
1991
1881
1581
1628
1939
773
1518
253
339
915
624
33
1674
203
461
1481
486
617
1897
1817
206
796
99
948
251
269
79
642
953
1360
1338
518
884
1456
1679
424
271
1845
569
1742
986
923
1565
761
385
1598
1570
1759
665
1745
1117
1886
1715
178
1694
931
1810
937
332
1512
642
1796
1350
321
292
200
214
809
1553
1988
1874
1324
1757
1962
461
1996
1043
319
1118
999
180
757
1205
1271
1727
1847
1893
1861
1394
1163
155
903
1884
559
1187
512
155
1423
629
1737
1923
469
758
1213
1018
403
524
635
1056
1032
981
1184
894
792
1749
445
284
1208
941
1517
355
677
1185
731
1290
197
312
937
832
1749
529
571
261
1106
1710
1272
149
1303
611
583
1779
9
1396
930
175
1452
1715
430
1061
368
488
892
1613
1257
1493
164
1472
1367
1707
1295
1783
1691
543
451
1593
596
947
1478
170
438
1219
522
608
1756
986
1089
264
739
10
681
1377
1255
957
1613
1952
791
426
560
58
343
490
1739
429
173
1031
413
535
199
1459
765
880
1188
1229
1589
783
1388
497
1563
939
57
1860
1105
956
1615
1887
572
1192
1865
1205
1266
1525
1184
1059
971
1305
879
1932
1620
1505
1129
953
1348
196
1508
1382
1791
1321
442
1233
182
1208
632
980
1129
609
1193
370
1613
843
728
981
1013
1841
715
1183
1277
453
396
648
1489
1585
1921
1067
256
1624
33
685
1743
27
1251
611
1604
824
405
1284
728
1559
626
398
528
1675
1630
1017
704
1988
655
811
801
92
1475
251
993
369
581
820
241
49
1745
17
192
1757
820
1445
157
493
750
507
1985
1349
89
1437
538
736
1616
1406
1055
1941
606
1051
1460
1162
1477
950
1010
419
1725
385
1761
1145
1952
463
617
1278
1558
738
1203
71
653
555
1394
255
515
1293
899
592
259
880
1953
601
779
761
645
489
1563
1906
1653
576
972
1016
237
957
1898
1929
1997
154
650
1053
732
1862
710
1691
1372
1514
535
1889
1547
1469
1240
532
1209
1929
1425
685
1088
1175
170
1633
1949
1336
1065
1764
652
1964
889
1935
1521
1945
584
1460
1998
375
1286
467
243
241
171
1255
1273
757
1388
629
1896
1050
615
1191
1057
1357
1310
399
885
1808
427
1283
988
436
540
1852
1193
1085
324
1086
1483
890
341
737
1593
1939
1569
90
1190
697
76
105
773
1288
1028
98
1554
1888
1107
1537
1285
171
197
1128
341
1985
1629
1117
701
305
1544
1643
1422
1486
1173
1022
1540
645
1136
952
645
1925
511
838
398
985
14
1405
1412
1120
1887
1172
1507
1172
1071
1215
620
1601
1035
1675
693
426
711
373
304
480
1021
361
1143
1139
1812
1509
323
1533
1243
319
1826
62
777
733
1931
1354
1327
1061
1141
1633
1189
1727
1042
1061
57
778
441
862
1474
1545
553
1843
1929
162
986
1247
1669
1859
1403
777
101
903
643
1639
344
768
948
743
620
1375
2
400
1298
1686
1133
1037
1106
525
1759
176
524
357
358
1178
97
152
750
513
1925
203
132
132
387
1852
268
771
1348
1592
349
712
772
979
694
1256
296
1493
571
416
52
1767
1428
905
1508
1847
1140
1887
1921
224
399
435
768
1359
316
1329
1864
1963
1600
113
1583
205
519
1437
261
1529
1737
227
1483
1403
1982
597
1407
1842
1173
1914
760
1649
94
215
1030
1490
1850
1300
1100
886
1921
84
1439
1854
1949
413
1341
1343
549
1372
813
828
1636
817
1824
1893
1824
746
804
988
34
753
1481
337
1817
1197
397
864
1529
1811
160
1022
349
1947
1753
1757
1826
1904
1493
790
1816
227
1716
745
32
734
625
1361
863
1111
1567
1840
766
800
258
456
911
1421
1508
103
1235
856
1329
1463
1113
1025
56
1749
1112
524
1314
1697
1794
1413
849
1970
345
1070
1360
1939
1076
1268
326
1393
1983
745
298
318
1905
283
417
261
907
1417
1067
596
1780
367
1075
1109
49
707
1347
1493
1929
288
133
1393
624
955
1441
1870
1439
1087
1340
1868
1085
1409
1985
1283
1489
1958
688
1830
784
571
618
1937
761
1823
1108
148
1433
213
1061
25
765
331
651
792
976
1307
1416
1226
1327
1426
621
1893
1690
57
706
382
840
70
1961
757
1646
1961
1337
764
497
1271
1293
875
1673
1926
1249
1006
472
517
366
143
1296
1605
720
875
1008
317
911
349
348
879
1348
862
1091
410
1947
998
619
1129
1040
997
1150
774
1754
221
34
1162
528
1026
47
1754
1630
724
972
549
1787
75
488
17
1679
202
1414
436
597
1970
528
1480
521
1971
1973
672
977
1518
545
1463
477
1263
492
131
237
347
1139
1194
1194
185
866
1721
1503
942
1033
558
1155
1943
1828
1357
181
512
1316
437
509
1221
962
216
80
603
893
289
1173
491
1655
56
626
1929
640
1165
1514
443
1473
1526
620
1573
1301
430
347
1059
1893
352
1792
639
1372
1258
1817
1972
1716
1984
1367
1650
1847
45
470
914
62
956
1596
432
839
704
1401
1196
1857
43
600
1655
167
1973
301
88
1257
173
770
1085
629
1472
485
1606
757
1875
1238
827
1929
1588
129
1061
489
329
1750
1659
720
1949
1529
722
869
32
1247
881
1289
834
1919
1299
1066
3
664
1677
255
1877
1152
1353
920
653
872
1135
1480
1449
584
924
1463
1016
1427
531
1344
1609
1293
607
992
400
69
469
1141
645
1819
276
1833
1530
125
1408
232
977
1910
1772
1112
978
761
714
217
749
204
1334
1145
1891
1444
1237
13
115
476
1217
1689
1217
1973
848
1658
4
971
1210
1681
1399
1296
1977
657
1353
192
1489
548
1693
1244
428
1609
1378
236
217
1956
429
733
1051
467
1288
998
639
622
249
1897
581
373
809
1154
193
403
514
36
112
1115
1309
462
1606
1907
672
561
199
342
1827
1139
27
696
816
503
1176
495
1600
215
691
1891
1265
755
199
298
149
358
1740
1300
456
618
1240
1974
416
264
1014
984
75
683
15
1323
592
1578
1233
517
1781
912
373
212
1013
1081
1937
1430
1564
1025
1476
839
1753
1428
1081
1681
656
633
976
313
1896
1787
632
1853
1423
1759
420
1481
1711
1929
455
1270
428
1027
1644
409
739
706
384
1229
1557
685
675
1410
322
565
688
1901
197
140
521
1105
578
863
1026
1507
788
203
840
679
795
85
832
944
656
169
839
608
2
1008
681
784
21
1705
705
235
1321
1092
148
1471
1069
1051
1152
1303
1460
1672
948
530
50
1696
693
876
1004
708
201
655
870
943
246
1149
1245
1523
869
1540
1971
270
896
1996
1462
524
220
29
679
103
303
1044
418
1656
1481
133
602
182
1301
678
1519
1954
1047
286
457
1144
1478
1665
296
208
414
1321
830
25
887
171
526
1485
1354
803
525
288
1580
0
281
125
1531
884
645
1814
871
940
292
1373
1763
512
1141
1273
1229
609
1401
98
300
1938
414
793
1049
1017
729
737
1761
1832
128
351
1329
277
522
757
328
434
1317
416
1478
691
1346
41
1082
650
610
156
5
65
152
1025
1325
1528
1527
1578
925
514
326
754
1541
563
397
1709
1765
46
1302
1520
1216
1686
1187
161
1403
1969
955
218
57
1632
259
1814
987
1937
1124
1841
371
1541
358
1547
1399
454
1781
1583
889
167
1609
1070
1194
695
169
1349
122
1277
792
1025
29
1871
1572
617
525
1274
1438
710
1426
1305
72
915
1288
1387
1635
1825
997
340
706
633
1411
998
1653
1892
98
1850
425
548
1645
985
611
362
1811
1757
151
1183
1285
819
279
1033
397
1570
1820
504
347
54
783
186
731
389
1410
5
420
361
1939
1663
1815
1145
1137
1700
290
986
1458
158
596
1375
572
393
1756
115
184
561
1101
629
14
230
848
681
116
119
1360
1850
1093
1573
800
175
947
824
134
1115
662
499
504
1735
1529
1721
987
141
106
356
988
585
1097
888
1820
697
459
6
600
1519
617
490
938
1360
67
747
1913
7
1883
1611
427
885
132
1081
1659
315
1320
509
207
425
1992
886
1963
1056
527
983
281
1167
1779
809
1496
1997
1710
896
1130
785
1561
1171
1603
350
854
575
1973
41
740
1194
1179
1243
1404
573
1225
1591
1287
153
565
997
1904
1047
215
1839
233
208
1045
672
1740
1036
1840
204
1392
37
256
1339
1264
1197
1548
1317
1943
1357
1887
732
1634
981
0
1973
1884
1150
1447
492
74
1957
553
1971
1370
1548
274
1187
1720
128
1738
456
480
143
377
45
864
1116
379
1981
268
1675
995
25
864
634
665
91
1482
857
509
1058
1497
1650
1915
44
519
245
561
1676
1087
111
79
1412
549
197
1412
1224
441
665
1064
56
1480
270
937
1433
1569
698
1199
922
1225
779
185
375
1764
494
1626
1610
1781
93
358
1741
269
961
943
173
223
324
483
1972
216
1019
809
493
20
1987
843
493
1687
1461
833
675
515
1623
1873
1685
80
1496
809
774
1496
232
115
192
580
763
554
43
1709
180
1955
56
1115
1303
528
1785
61
1390
344
817
968
932
1796
1750
646
1669
547
695
869
682
423
1523
1733
197
1492
139
1642
891
1366
118
385
35
1292
1288
169
1725
1291
1090
1480
1489
670
1344
1861
330
1152
371
723
305
1811
511
515
1879
1727
1134
120
1328
1949
1115
567
1297
1463
918
1017
1097
1632
970
1489
1392
1525
577
1101
576
1661
1768
438
196
1044
1283
1517
1260
1509
1421
410
1679
1444
1031
337
145
1076
697
162
343
1289
191
236
1507
985
1504
1278
133
1737
645
1920
1595
534
633
990
841
1198
1417
324
1807
1083
279
135
765
1334
1539
223
317
140
110
1972
735
991
497
1732
1987
1076
1597
1220
813
1965
1229
1677
1690
1539
1210
1331
1618
1969
563
861
1872
12
1880
649
1976
1389
1051
1851
886
229
1576
947
801
1376
1629
1612
494
1273
376
55
100
1581
1718
1162
141
1655
758
1372
1502
1439
1131
869
1893
57
907
1726
1783
504
160
1462
780
1148
1881
672
826
461
353
1617
102
1567
963
8
1467
230
505
133
1593
323
1627
1288
1792
1986
1963
626
727
1571
1385
1615
325
1674
865
1810
813
1724
490
1773
527
1082
320
185
169
488
985
1946
1737
1809
838
977
881
515
1274
196
977
1213
719
1269
1710
275
1109
359
1141
607
282
60
1056
773
1487
1953
1669
181
1865
1622
1546
270
1373
436
645
1385
1149
1150
1603
1456
187
1684
1787
506
1253
70
1169
682
1295
1088
1725
1880
1889
258
591
1022
408
8
1520
1574
1272
1200
614
809
345
1830
368
842
1970
1532
384
885
1587
789
1731
1793
1523
526
1609
337
1950
1025
1388
561
74
1066
1790
1658
1885
973
640
316
84
655
219
47
424
367
1521
1783
556
1915
1470
1756
573
777
736
1951
629
1808
506
876
511
107
1691
440
1069
1548
432
184
1771
896
1421
155
1696
891
1035
1669
22
1211
1466
1610
1845
277
1158
950
735
1558
258
1493
1689
1250
1715
205
1685
1938
1672
1184
139
1345
344
787
1085
328
457
1679
1069
289
29
936
1165
817
952
814
250
1798
1652
479
1464
904
1429
1943
1906
1885
1571
1557
379
313
1744
1558
617
777
1776
1197
1924
305
1817
1632
1395
51
618
1392
1510
1244
1096
646
1601
680
1609
954
1709
1910
863
632
96
1173
524
1165
924
499
1705
1271
1562
1369
1280
1955
1300
1672
95
443
961
1545
1509
507
1557
773
794
459
771
1952
267
1196
1063
293
1345
1309
1579
523
218
848
1793
1825
1066
1677
97
898
1657
764
548
1849
1630
169
1896
1362
236
500
1795
36
902
1645
1400
251
1417
75
1111
1674
1345
600
58
791
1606
1697
76
1291
556
632
261
56
1159
983
1254
176
534
1575
1687
61
5
1265
1661
918
1301
1653
1472
1024
1079
51
1671
227
654
1405
1835
1865
573
1132
1077
717
214
1138
1527
1442
1404
1355
1957
509
1769
704
1060
1501
264
1904
1943
957
949
168
1545
925
1523
1785
173
102
649
1107
257
897
1530
693
784
487
1829
1061
1977
1027
1452
1892
1105
1057
1617
1167
537
989
184
737
848
296
1321
1913
1476
1806
860
1663
1869
1953
132
1673
60
603
1342
1891
161
1896
781
240
1443
1381
1
728
836
1717
101
548
261
1127
406
1057
921
258
828
1913
1254
781
1656
1321
1864
1901
957
712
1066
358
199
1062
857
223
1838
852
763
352
873
161
1371
1526
897
426
124
173
1499
1409
1824
1924
679
1663
1713
565
1159
1001
1851
1498
740
1400
1157
841
1512
648
281
1376
180
749
1747
304
1426
1367
1844
1596
1079
806
687
1521
1717
787
1493
1788
1525
903
1451
580
260
688
787
303
1323
1771
1558
1240
203
605
1728
699
1480
1790
1245
351
1599
7
1163
135
1024
746
898
1208
694
989
1404
1397
1052
243
1521
1155
96
374
1955
1728
30
406
1793
81
365
1856
1694
1302
1181
581
1472
1351
1544
1873
1984
640
1825
571
1201
771
1487
874
1309
1672
85
530
761
41
26
1402
281
310
1403
1989
917
92
619
1344
1788
939
1056
1937
1072
821
32
567
1105
1162
594
1364
780
1029
1483
438
848
745
769
49
1700
719
530
458
500
270
692
185
497
347
1741
1072
1677
1996
1438
1799
707
623
1332
1065
1034
1596
248
1717
1565
1716
500
1540
1142
1789
437
176
516
900
205
1969
1937
210
851
663
1620
52
1299
1244
1577
1307
1001
1045
468
140
1520
1036
1202
46
617
1741
1039
611
1085
1589
1641
112
398
458
673
1375
1521
1841
1579
548
1010
1581
235
470
1668
638
592
269
110
457
1344
862
330
1349
1925
1584
606
894
1338
1856
1196
106
1878
1561
391
1467
1975
1485
25
285
1320
594
1050
21
497
1227
259
527
1944
1222
392
203
1744
13
1952
49
1570
37
1759
1454
104
1276
736
1615
16
1245
1935
581
447
1933
1269
900
1644
119
1102
211
1791
1259
987
618
678
1218
1857
260
1727
511
80
187
710
906
1856
1905
1002
1646
1135
719
126
248
645
761
1835
1419
182
803
607
467
1064
198
1815
1575
1008
1133
1948
53
395
1875
1403
1272
256
301
1892
1561
339
577
1108
141
1770
1792
1231
1467
350
545
1051
863
173
1840
436
64
1365
1352
1712
1368
990
5
656
1986
438
275
1501
1326
1951
633
1177
367
1237
1190
526
1341
497
1312
754
553
1136
400
949
1964
1441
1064
311
379
808
352
163
697
1427
1286
1209
1805
574
921
188
1597
1948
425
1667
1898
1629
467
889
739
1996
1394
98
961
146
1668
277
307
1965
1240
1119
859
1439
1194
704
1388
1552
457
1129
33
1325
1682
1577
584
1472
622
814
641
457
646
1457
1718
905
1960
1257
1482
395
21
1787
902
1649
85
1481
837
783
516
804
484
1037
1561
1499
827
1066
1220
814
1025
804
197
241
525
1601
326
1595
776
1188
1769
1224
571
1844
809
622
505
190
537
569
1604
579
564
386
1230
1586
1250
1262
1371
1905
1553
1972
1541
591
791
1167
1712
142
125
1739
1165
898
569
1705
402
25
299
1780
1361
1449
1693
1425
1136
788
350
829
901
772
1503
428
457
870
41
237
1513
1161
1781
1836
1988
1589
1417
1318
387
1574
654
969
1355
1603
825
96
845
1369
256
1033
1297
1256
717
668
1681
612
1501
353
1
1804
1313
1360
1029
1367
629
974
1544
392
468
1180
1148
1095
996
893
424
1208
1403
1525
465
640
1531
159
733
161
1606
1802
197
371
1058
1668
1065
193
1725
1155
818
1256
1538
1720
341
1705
197
1909
755
1052
1722
608
1309
1826
405
1841
361
330
882
1035
1689
731
431
1675
4
1251
1440
1347
396
335
1883
381
1078
1682
1029
38
484
800
128
804
656
617
581
873
1958
1882
1712
1423
1018
119
1290
1800
431
434
1139
1670
122
1386
299
67
1880
1933
1669
1276
876
960
1836
188
1105
569
656
482
1216
1754
413
5
1382
277
1979
1792
317
1496
1024
1484
389
1955
1900
1856
1159
1700
1951
1602
1884
511
362
305
238
1628
1264
1188
720
1457
681
908
1921
284
1467
1494
628
1098
55
527
1236
325
985
1020
1989
669
14
1083
1010
1273
1028
1544
1536
473
1514
339
12
1604
1093
335
1975
1736
1904
1514
697
1054
894
1076
574
1616
60
1088
699
1006
416
42
61
1011
680
1187
1392
619
483
13
107
791
949
1496
611
311
517
1387
1973
1354
1883
1293
1175
340
1377
1556
1258
349
1804
1642
1043
1497
817
1757
440
767
877
41
913
1178
359
1188
881
37
569
549
1797
1196
848
1473
896
1314
915
1897
1349
197
619
738
875
1437
840
69
180
713
1264
728
1994
1194
1536
118
636
1813
1980
1120
583
1426
445
1457
728
731
269
56
848
1029
1955
479
904
356
1016
1000
219
1160
206
1427
1054
1312
402
615
960
1722
889
261
1935
1685
1895
880
421
275
920
1642
36
1574
1900
835
1341
1668
1249
1544
1945
1720
295
4
320
1192
851
1963
1115
1225
676
1717
155
1446
1553
1514
534
469
702
145
389
731
1658
1191
1738
950
1989
696
621
812
1027
140
1124
1064
1824
719
230
603
1581
710
1834
1805
1459
473
859
1833
565
821
1185
758
1093
178
137
815
456
538
1217
412
290
1963
1939
452
1795
8
1717
1769
1842
757
1634
426
88
292
784
1461
592
1415
56
649
413
300
1394
1886
229
189
222
1910
411
640
1825
1881
153
1792
1641
1106
1608
1564
1968
289
1296
1131
584
1158
533
659
945
1389
1293
1653
1431
37
955
1256
381
463
839
1081
691
1583
1005
514
916
1797
1648
649
1709
571
1416
1829
1232
479
792
1800
597
1437
863
936
1573
584
731
560
548
353
103
468
1246
1317
1041
1114
349
1958
589
894
231
887
85
1138
1116
949
879
1060
53
903
1067
1304
505
632
1726
876
1210
622
561
239
451
713
1487
1112
1372
1445
810
1329
1891
1655
552
400
653
1531
952
1386
809
1006
709
76
1889
178
1552
925
395
987
989
1105
681
1061
1498
1904
579
869
1824
228
5
243
520
1246
349
95
1066
1900
1604
1718
981
1337
758
361
1514
1339
542
938
130
1320
1577
1225
957
1728
1703
781
77
1189
130
229
485
1214
1907
899
1812
432
1219
615
421
1258
667
688
1921
1092
488
1634
945
751
586
289
1116
1617
201
1249
419
1592
1523
1667
1257
817
1968
1952
727
120
619
413
587
1844
97
1206
403
1720
883
714
373
1582
1022
860
1248
776
715
1217
1587
1106
1880
1677
561
955
649
1888
375
679
67
1974
890
479
216
1424
168
241
829
296
1824
184
840
1465
383
343
1041
1372
1416
630
977
596
1091
308
1793
1599
250
1849
624
14
1666
106
1294
1536
1565
1040
1167
1066
269
1930
459
1396
6
233
337
1281
440
1103
528
969
809
1860
348
1539
868
2
1972
738
1700
420
403
627
1091
610
398
1870
1493
1881
1697
1400
1057
1562
773
1610
1522
1160
1089
1288
1858
1277
812
1601
183
881
987
1829
492
1820
568
1349
1726
1933
1837
1056
1872
1169
1861
1172
1550
452
898
495
305
550
461
1361
79
553
335
1641
1857
1635
1442
244
20
1472
1721
1981
558
629
368
898
1417
1104
1204
777
1697
169
840
937
1794
1574
56
626
563
530
758
580
1017
1224
784
629
1121
1676
1755
1569
1156
129
734
1664
123
430
1382
385
1922
344
500
871
1401
303
976
83
11
493
158
1705
630
1599
62
800
688
587
272
1799
352
704
1649
810
627
1963
105
58
1277
784
889
184
1184
113
601
493
1273
378
96
377
838
217
923
1517
593
1015
211
860
1077
432
716
1738
1389
1284
606
1314
774
1704
239
1155
1440
548
1193
635
701
1852
723
528
1385
1472
481
1972
1552
333
970
572
1450
1020
585
108
1503
309
1497
691
134
390
938
1828
402
1529
1522
1866
77
1142
1573
1133
554
75
1682
1599
935
1493
1945
1078
1530
17
990
1933
205
1325
1937
1594
1097
930
418
902
1267
804
1593
981
549
559
465
464
799
602
1834
947
454
705
577
1336
436
1173
293
1751
651
1698
1840
1850
1499
593
451
909
1118
1573
217
933
391
569
89
1821
377
1843
1645
1825
739
234
966
516
583
591
316
41
1607
911
1379
148
1483
1003
1098
1093
225
755
1653
1862
68
1757
1388
141
788
44
246
1673
977
1616
1083
837
1165
591
1637
203
444
1372
333
1569
1731
892
1708
175
440
930
15
1429
636
764
406
322
1298
1112
1256
1168
1550
1662
1514
1662
1973
1379
1475
1397
203
276
790
340
1763
1169
372
1083
505
940
908
1122
1794
979
835
1026
709
1177
1897
708
1905
1665
1774
1172
1297
1947
737
798
1188
1699
439
846
1840
449
1224
1523
373
1199
1808
1685
1807
1853
732
1577
466
1008
751
820
77
973
816
1524
1241
1151
992
488
369
1709
1568
416
1536
219
1994
1090
581
1921
710
1534
1016
1969
1904
1823
289
827
197
1913
448
1449
233
73
1231
41
1245
304
1879
648
937
1967
1502
1547
1445
73
1413
1657
1225
731
1753
1191
896
1375
410
320
942
1771
1142
1335
208
1336
193
1183
1377
1769
788
1388
1050
1166
52
1275
60
565
418
1489
308
611
977
995
205
914
325
88
1153
1609
1538
768
1275
41
453
1456
964
1459
1080
618
921
29
330
486
319
1559
1858
109
1829
245
485
1467
1217
1286
1010
1602
498
1933
1322
1758
130
1167
201
367
1079
1498
322
773
1344
750
712
707
833
35
1201
983
524
1109
1351
1261
1554
114
1246
825
1133
566
3
1513
714
473
947
125
1080
1377
656
137
745
242
792
847
1278
1305
1001
489
106
1850
1970
1945
379
1693
672
609
1348
578
514
482
1299
225
332
1131
603
1132
1168
1026
1089
602
91
1743
1378
1024
1669
985
1192
1115
1406
457
386
602
1726
1532
406
1193
406
1080
458
464
1610
1823
1856
554
709
344
1915
432
250
1142
1571
1107
553
11
1016
689
1220
457
1068
911
1841
576
110
840
907
1463
1169
1559
523
1653
1388
29
815
478
1517
183
749
947
1153
1428
593
1196
772
1616
449
102
758
1187
214
579
485
1088
992
1781
906
161
1753
1944
610
1141
1548
840
1489
1899
1983
417
1689
1308
1503
645
949
1556
1735
384
849
1236
1492
1601
736
241
298
1121
1569
97
642
1354
662
964
559
605
1258
1764
929
816
1736
1499
1717
1817
597
312
581
1584
1042
1219
1574
1286
1693
942
1173
1257
271
328
251
1185
1977
666
1624
1001
1497
1006
715
1121
753
174
1928
1667
1993
1043
60
1337
389
1525
1481
649
943
300
525
1310
1467
65
202
784
1209
1489
573
1025
792
242
1046
1504
649
1493
1024
1504
1643
717
252
754
1475
1633
455
1493
1916
1858
207
1388
1613
266
1875
1617
1561
81
1608
217
1548
688
375
675
1808
160
593
1685
57
1067
812
566
1352
383
1706
659
1493
755
821
1752
144
1204
1670
1080
1150
1070
724
745
96
14
1222
1960
511
1338
1010
1104
819
840
929
566
680
744
1742
1001
515
1502
899
89
1110
888
895
1269
1072
24
485
1913
1645
246
1533
80
241
653
722
1958
352
1069
1145
1189
1213
1934
1540
324
692
1185
24
1110
605
397
571
1540
1259
291
492
1611
1714
1582
1486
300
126
1790
1853
805
305
817
1861
448
193
1824
1639
349
1596
1077
1927
800
1236
1380
751
171
1603
1936
1286
748
1107
550
1318
613
1689
1226
233
36
484
1420
1841
774
954
261
501
804
993
1265
1861
1696
1429
1823
1439
287
8
185
1091
1070
1160
1768
301
1903
59
147
263
617
1841
1878
1469
1835
1415
793
1583
77
1045
102
1152
237
967
1011
1184
197
408
4
1729
1318
886
892
1448
10
1289
240
889
917
129
1752
1017
1141
381
971
525
1456
485
528
304
517
374
554
584
1426
1550
1310
1334
1376
719
897
395
1065
232
394
1780
1652
317
523
491
1047
1420
1205
910
432
510
1267
93
1430
1196
363
1043
325
1597
1257
573
681
643
216
1456
1154
1170
1795
1105
1615
381
1733
574
1309
777
61
1489
361
1697
1089
277
550
1310
1640
163
476
973
137
1754
207
613
832
935
488
1889
1061
729
527
347
503
1569
281
520
619
1286
1573
67
1305
1148
41
689
497
192
332
118
1088
1620
1737
955
1603
710
212
651
1210
1215
1517
466
1150
1793
505
463
1118
576
395
1747
1398
1272
796
219
602
492
209
1209
835
128
200
1448
917
89
1357
664
755
243
767
1311
1961
1430
1653
365
97
456
617
1780
1240
1136
1129
1653
151
854
795
560
1714
12
504
771
684
1977
1350
55
1118
1583
1188
745
862
1893
1181
862
351
177
585
1549
114
104
1461
1741
1651
1794
2
419
467
152
444
687
676
456
1511
1794
351
833
1378
1021
1885
157
1148
29
847
530
1607
689
1065
1822
1706
1741
1905
251
580
272
184
957
1130
841
302
1544
1147
997
9
902
922
1828
806
1595
1296
1477
1738
22
1154
1270
885
770
1471
1049
1241
117
1275
1001
985
746
1202
685
665
1968
864
1657
920
995
1389
1297
1235
1808
1312
1617
1672
665
493
1961
1535
630
222
709
1595
1387
216
71
665
195
1915
1693
67
1430
179
1417
109
674
612
1001
1071
1946
1049
1379
1296
1184
279
765
1379
977
419
1970
69
24
1079
1783
1735
960
1301
85
1405
1761
1658
424
127
848
817
588
938
1325
859
507
1873
593
1280
401
1089
1196
748
1044
1515
1817
1611
1089
361
1257
1965
864
349
989
462
873
1617
1756
1713
1955
636
1513
554
1670
635
1985
465
260
1115
1942
1440
1412
233
767
1491
1441
1635
1712
1673
742
1793
853
1574
871
1557
925
1786
493
1831
300
1385
1136
881
1581
393
125
1288
89
1091
1866
717
755
1366
952
1877
1271
663
123
1253
1530
538
25
1659
1853
569
692
458
1336
291
402
1686
1093
953
1393
1617
1408
1549
44
907
1819
1700
469
1193
1721
313
859
649
1305
675
773
134
392
266
637
52
706
182
1561
288
1547
1885
474
1205
1495
1178
323
1764
575
52
1750
251
1068
1717
902
1411
564
1492
1753
701
1820
1448
1328
1178
1828
210
1852
296
867
1221
985
786
1008
138
1710
506
1100
1685
277
824
1562
679
1340
280
391
911
1079
825
773
599
969
1005
910
120
1889
1569
1205
1729
1
886
1496
1177
162
497
1000
593
580
1056
550
767
1549
415
343
91
78
1915
1401
1825
1845
878
1967
855
936
1629
946
99
1288
1579
1528
84
225
1122
298
835
624
1283
434
335
1568
409
397
69
1480
346
1649
850
1319
1033
1917
1376
896
1220
720
625
1116
696
1115
1023
1265
32
1871
1621
1728
1150
14
1092
244
645
1785
1093
460
1758
187
66
1209
1908
303
1732
1169
853
1434
123
997
185
188
1722
729
1160
296
178
1057
648
370
1856
513
472
1099
697
187
66
547
1653
1788
1
284
1727
1505
1363
874
866
1594
57
1166
231
221
182
1669
1709
1299
1296
439
1928
583
1389
1962
1436
961
554
132
1810
59
1229
553
1008
1254
301
472
682
1494
1629
232
587
160
192
1392
1812
1131
1457
287
246
1668
1380
61
1003
133
1235
1109
1402
890
937
1418
107
26
1355
72
1535
1505
1813
783
1314
635
585
242
1902
616
877
156
1724
139
1027
223
1154
1469
1549
1787
121
1805
1660
782
1723
740
608
829
623
1756
1825
1790
137
1747
632
1416
1404
829
713
1965
1197
416
1718
1442
1815
811
1721
1820
674
1604
1901
1559
1753
713
1273
416
76
1814
1602
904
707
1461
1166
127
787
680
1095
22
1081
1159
1660
548
1537
444
797
1113
332
1785
223
665
812
581
1912
199
1595
1621
1804
713
1633
1251
924
85
784
1102
1227
497
556
89
1081
938
1211
1526
70
513
1761
358
953
418
130
859
1550
611
1793
751
1781
51
1010
1907
1211
469
53
1491
1403
323
917
203
810
1401
889
1758
559
729
1948
1010
808
250
277
677
1258
1732
1917
443
1669
1686
990
1068
1613
1298
736
1399
1706
1560
1496
429
883
281
821
1000
90
677
923
459
1694
1193
1574
1104
1564
1078
733
1665
1029
75
291
1972
1673
1158
1054
1497
1120
1357
719
421
1604
689
1316
1766
1304
1400
1232
1964
1161
1521
159
35
790
1973
995
1628
1243
440
1101
1122
1601
1634
291
66
808
1820
1820
1730
1551
677
751
1595
49
1004
1781
323
699
74
141
1761
1083
1755
1801
1952
176
1310
518
1781
1007
1989
1210
1665
1325
1859
347
562
1588
1806
1644
1586
174
1903
1381
1080
93
1069
1715
77
1009
11
789
947
500
1478
1013
961
1133
70
1826
1116
1304
1585
1652
1580
1745
437
797
1625
1440
1402
1551
1618
189
54
900
826
674
879
477
507
123
1414
209
732
1921
1990
1990
1385
1401
671
1349
1424
1768
1052
133
191
397
437
1277
1088
360
1107
131
268
1143
172
294
106
1689
485
871
497
477
1940
1061
900
889
218
1872
185
1029
1190
168
201
1936
1739
1277
1148
59
1035
160
405
1897
808
1693
196
1470
1293
1435
1780
13
1752
770
465
889
559
166
1195
429
1734
467
1210
1338
978
430
1269
1415
1223
686
1770
343
1545
1592
295
1283
1898
1625
261
1482
574
642
1951
443
1606
697
1001
81
325
572
806
1250
1487
1091
1952
1487
800
1997
1414
841
643
490
865
1024
1957
1019
746
803
1691
1175
687
1841
1420
1105
1519
81
512
1056
1124
707
1668
1240
725
671
1021
1182
1367
785
348
1518
1214
1440
1690
1624
1093
353
488
139
1025
303
1776
1861
1388
569
550
953
1977
1853
1718
1057
1450
1880
629
1598
1610
1811
1289
1224
1337
170
52
660
1757
1151
1400
422
1326
1129
1198
301
1574
768
1457
386
512
1960
1304
1580
1113
1097
275
745
1536
1691
1049
1947
1929
321
1232
463
1301
1473
593
369
149
310
1377
437
1406
1838
1525
600
983
764
1185
917
902
1489
713
1720
1597
1522
1784
1740
1351
387
476
720
262
91
1649
1165
1929
1321
1685
872
1109
787
764
1147
1915
1515
1217
511
1401
1542
626
1170
1572
1210
1953
1715
266
1786
1717
1544
676
618
861
538
1142
1070
1789
1369
1287
1349
1968
521
975
800
1931
355
715
1570
387
1483
295
1977
437
497
181
1142
662
1090
440
1241
1881
1265
56
922
638
1437
1414
33
136
1579
915
1467
963
35
94
1795
1949
655
1573
134
934
1282
1115
753
1106
1475
757
958
1847
550
1157
1461
1098
1097
882
1649
1604
1180
1325
1321
1232
1529
953
1886
507
777
1195
1269
1261
863
1333
1357
1685
1190
1541
798
293
211
61
496
380
228
915
1214
368
1364
1835
1753
1371
1777
791
1504
1424
1374
663
1145
681
169
548
1741
1421
1083
1595
1088
755
823
612
1887
586
345
720
793
1533
773
1047
1514
677
581
815
1135
462
1760
1340
1978
480
319
1233
1493
1931
615
215
1638
51
147
1713
937
1794
427
424
1232
581
551
997
1889
1406
261
650
826
1798
528
1446
1674
649
741
1672
545
1564
747
1915
1307
449
640
1574
1992
1872
89
985
1131
21
340
708
1295
1998
81
899
837
664
1493
1957
399
213
1932
449
1128
845
1236
1423
1248
35
296
182
1249
1968
1160
457
1955
