876,1482
1161,1219
618,618,1795
1813,397
134,1754,380
246,1795,1402,970
102,1795,1402,970
1,355,1075
-1
-1
1754,134
469
1795,19,1131
190,1795
469
1089,661,661,1465
1216,1909,1909,661,661,1993,1834
1309,1141,1141,1219
1633,1627,1627,1219
1291,661,661,397,397,1536
1219
537,1219,1687,970
1257,19,1795
469
1009,1009,1219,1687,970
1629,661,661,1573
970,1402,1795,631
1219,82,514
685,301,877
1008,1219,1687,1834
1754
1482,834
1219
1687,1219
1373,355,1315
877,301,301,1405
451,1795
1219
948,1482,186,186,1338
1459,355,1075
1219
1219
247,55
1975,631
1741
1219
1219,1687
1795,631,1351
207,247,1795,1402,970,380
26
499
258,1547,617
-1
734,734,1547,1547,1445,1445,1256
878
1471,1579
-1
883
-1
1233,473
-1
-1
-1
1957,1811
1713,1111
519,159,159,1159
1871,191,878
-1
608,1616,689,1547,1943
883
689,1547,1943
1293,1111
-1
943
-1
348,1262,878
531,1179
1867
1975,1975,1671
929
943,943,1547,1547,473
438,1579
1563,1111
1975
1221,1111,175
1256,1616,689,1547,1943
-1
-1
143,143,1598
1062,647
-1
-1
1807,1111,883
-1
591,591,1579
68,1262,1838
943
98,1111,883
-1
1654,1111
556
1489,1003
1057,571,883
798,508,1780
1489,1003,706
827
1269,305,305,971
1489,1579
1560,1489,1003
-1
-1
610
1150,1489
1835,1835,1433
1564
1013,305,305,619,619,1195,1195,1489
-1
1381,1921,1579,1579,619,619,1835
610,1489
-1
-1
820,1474,1474,106
565,907
988
-1
1812,1474,1474,754
1489,1579,1579,619,619,1835,1835,569
-1
1489,1579
333,305,305,971
-1
770,1489
-1
-1
252,1489
1489,1003,1003,1563
-1
1489,1003
1489,1579,1579,619,619,1835,1835,1097,713
189,305,305,971
516,571
-1
-1
1169,1169,971
-1
-1
1403,827,971,971,1921
-1
1489,1579
121,841,1921,1579,1579,619,619,1835,1835,233
1612,1084,1084,494,494,110,110,182
623,191,926,494,1366,1084,1612
220
1038,773
-1
377
377,220
823,110,110,470
1084,1612
335,575,1727
1612,1084
1084,1612
-1
418
315,1522
1179,953
575,191
1631,575,1727
1109
1302,1925,605,605,272
926,1646
1923,575,191
1612,1084
1356,204,1612,1084,1570
439,1925
1084
1084,1612
1241
377
825,1541
62
1669,575,191
1570,1084
-1
926,494,1366,1084,1612
1084,1612,204
1612,1084
821,1778
1753
-1
90,110,110,926,718
302,1727
1515,1925
220
598,191,1523,1523,1001
379,1529
1151,191
1047,110,110,1766
399,737
1084,1612
1509,1531,1097
1003,667,1675
341,341,17,274
274
1387
1973,1973,17,1714
1006,665,341
1649,1865,1001,1001,749
1714
1138,1714
1097
274
253,325
418
199,1003
1387
1878,667,1097
-1
105
667,1675
1531,1509,1365,1749,309
483,667
759,571
-1
1387
211,413
1637,1637,17
1387
105,1509
-1
1973,1001,353
341
319,1541,1541,749
1865,1001
341
1153,341
1865,341
1227,1003
955,1509
1795,547,955
-1
1097
-1
274
1926,667
1395,1003
955,1945,1365
105
1509
955,309
1468,179,1313
1486,179,1313,789
1977
318,1401
1811
1650,1401
826,731
161,179
1591,731
1583,1259,1313,1977
1401,179,1475
-1
580,731,353
1345,529
983
787,787,179,1313,789
395,17
439,731
1012,731
789
1398,1401,611
224,659
1811
789
789,789,179,1475
229,179
814,179,1313
99,1083,1083,645
1271
789
280,1559
789
651,651,1401,515
651,651,69,69,1921
651,651,1401,1401,551
397,179
789,789,179
406,550
651,651,1401,1401,1559
1735,179,1313,1977,651
-1
789,789,1081
651,651,1401,611
1231,179,1313
651,651,1401,1401,119
903,1401,1401,179
261,1401
1977
1201,179,1475
179,1313,1313,1864
66,1162
621,1241,118
654,654,1306
-1
377,118
220,970
191,970,610,610,778
1023,551
377,593,593,790
-1
1871,1919
1487
1342,1925
298,1846
1302,1950
1631
623
1398,438,438,1306,1306,1122
-1
497,1541
661,1122
1487
-1
1361,1541,1541,1241
67,1925
1919
-1
406
-1
1665,1306
1270
-1
1558,1198
145,197,197,29
1487
1323,1583,1583,1042
732,1162
11,1541
1271,1637
66,1162
825,1541,1433
-1
487,1122
298,1846
1306
1487
1487
1596,1162,1846
1020,1162,1162,1925,605
522,1170,1170,1162,1846
1309,1295
-1
-1
-1
1842,10
392,799
823,1327,31
1386,1162,1162,1327
895,1543,1543,681
330,402,298,895,1543
-1
769,1295
175
463
895,1543,1545
1327,67
747,789,789,429
1438,1438,1554
-1
1543,895,895,402,402,102
1271,1655,1438,1438,1554,1788
901
-1
463
1925,1511,1502
-1
1378
-1
376,1842
1055,206,1591
-1
-1
-1
463
355,1295,638
1438,1438,1554
597,1365,901,901,1295,206
1471
1471
462,1410
1510,690,690,858
13,1375
463
-1
10,1327
1543,895,895,1554,546,492
1476,1162,1327,67
67,1327,1327,1554,546,492
463
-1
575
-1
-1
1785
1895,1526
-1
575
309
1790
1799
734,590
366,294
-1
1785
1790
1245,525
1790
-1
1032,1245
-1
1245,525
575
-1
1101
1790
1661,398
575
195,555,555,477
-1
575
-1
1785
-1
-1
1245,525,525,1294
1006,934,494
1893
921,1893
1101
1734,1702,494,494,935
1613,398
1995,214
295,1510
1411,214
494
494
-1
1799,646
-1
-1
1586,1855,1855,1999
821
1633,73,1225,105,105,1209
415,415,1855,1855,670
649
415
902,1855,1855,415
-1
415,415,1855,1855,1966
-1
378,1855,1855,415,510
-1
1209,1545
1465,529
1212,244
1383,1855,1855,1966
339,1855,1855,1966
1109
1109
1109,1109,1453
908,1855,1855,415
821
415,510
1690,1855,1855,1999
1109
884,1855,1855,415
-1
1109
-1
389,1361
1851,73,1109
-1
649
821,821,1126
1225,1041
1109
1109
1253
1722,1855,1855,1966
-1
-1
1109
786,793
-1
-1
1109
363,1855,1855,670
1109
121,913
1561,1817,821
1666
1090,1666,1247
47,998
734,86,1382
1289,1087
1090,1666,1247
479
1577,1118,1666
857,1118
1090,1666,47
815,86
1247
815
-1
1954,1090,1666
1343,1666
1181,1118
-1
1666,1118,263
1090,1666
1666,1118,1199
1343
815,1666
-1
-1
1118,1199
-1
-1
1090
-1
1343
550,298,1090,1090,418
-1
86
621,580
998
-1
1090,1343
86
-1
1090
1343
-1
1419,63
1985,383
890
-1
1343
1118
1846,838
1722,1398,1398,1249,1249,809
1686,438
-1
-1
1777,1673
1777,241
1398,1722
-1
1922,206,1966,438,1686,1722
1267,403,1190,290
956,206
1345
438,1686
1969,1249,1345
1969,1249,283,1398,1722
1777,1777,107
1190
457,1249,1921
1686,438,438,286,1646,1190
1249,1969,809
755,755,218
102
38
470,1766
755
916,548,758,1966,438,1686
102
476,1514,1514,206,1966,438,1686,1722
395,998
-1
-1
1686
390
-1
303,218
916,548,758
1220,206
-1
470,1766
-1
73,187
1750,286,1190
1254
1190
1615,1759,1686,1578
102
1686,438,438,286,286,218
102
1766,470
102
1862,1222,1606,1702,150,798,555,1041,105
217
479
479,479,1766,1862,634,186
684,1518
1575,753,753,361
1309,1041,555,798,150
1702,150,798
893,506
1599,222,870
1867,1225,1225,1041,1419
-1
1836,1225
1585
931,1225,1225,1041,555,798,150
200,362
890,890,86,86,1310
831,1383,1383,1441,1963
1599,222,870
150
787,1225
-1
905,86,86,1478
446,1031
1310,1310,86,86,902,890
1599,222
1702,150,1599
-1
150,1702
439,1225
123,1905
390,222,123,1905,1585
-1
-1
1599
1814,1814,1631
-1
150,1662
1382
1382
479
798,150,1702
1629,1513
809,123,222,870
1599,150
152,123,222,870
789
763,38,38,1366
1657,409
217
-1
1474
676,633
1591,1015
247,1511
979
301,1504,1504,973,645,1513,1555,1555,403,403,1763
645
359
1790,575,215
1474
-1
359,359,385
-1
-1
1762,1474
462,1145
1474,818
1555,1555,953
-1
1114,1474
1309,973,325
1533,1837
1474,1330,325
645,1513,1513,403,403,1763
359,1513,645,645,1981
285,429,645
359
325,325,1981
1538
-1
9,1150
1115,1345
1401,64
215,1223
645,1330,1474
645,645,285
285,429,645,1513
1538,1538,1754
359
818
325,64
1513,645,645,1981
359
215
1120,973,1401,393
359
818,1474
-1
1538,322
1642,1714
346
346,1714,1138,946
-1
-1
346
1893,921
-1
1162,1666,1714,1714,886
1101
-1
1876,886
1714,82,82,114
202
1714
-1
-1
471,147
598,982,982,438
202
291,339
-1
1155,951
757,790
291,339
176,1245
219,1470
-1
921,1749,1365
-1
346
1489,291,894
202
146,1245
1155,951
-1
906,348
611,1155
1811,1155
-1
1443
1443,339
478,1155
723,1959
1523,183,183,1335
-1
-1
1155,951,202
1875,1623,291,339
346
1672,385
1698
63,529,529,709
-1
-1
1753
557,1753
1177,1177,331
856,1609
-1
589,1393,1393,331
-1
1825,1753,1493
856,1609
-1
691,1554
1828,858
330
535,709
313
1753
-1
1393,331,331,1554
1569,1011,519
-1
965,859
1753,1493
709
1842
1753
1753,1493
-1
1601
-1
-1
1768,325
769,1155
10
164,834
431,1554
1327,529,709
313
1850,1493
1904,1753
-1
-1
1537,673
1928,1753,1753,331,331,1554,1788
1328,1753
1025,673,673,1493
750,1734,934,998,278
551,161
968,479,278,1510
1391,695,1457,853
1748,890,462
1862,854,479,599
551,161
1614,462,1407,1479
462
1398,462
1774,550
462
503,395,1217
1457
551,1457,1897,1897,457
1407,462
1038,462
1186,682,682,1574,551,1457,1609
141,1457
-1
-1
1518,294
646,422,422,1271
263
-1
1407,462,654
593
161
1366,998,278,479,599
65,830,1574,1402
1969
462,654
815,167
462
1407,462
1758,462
1775
462
813,1457
1199
932,1271,1457,1609
1862,479,167
161,1199
212,119,1105
-1
593,593,1259
1799,830,1402
1199
646,646,302
161,161,830
128,1817,1969,7,319
543,318
1817
-1
341,89
-1
-1
416,1817,1969
7,319
1338,7,7,1817
1817,1969
1817,1529
180,7
467,1739
281,1241
1915,1627
968,1817,1969
747,111,255
543,318
478,478,7,967
1996,1372
961,457
557,1817
1745,1817,1969,7,319
1933,1753,1753,1529
1817,1969,7,319,478
581,89
-1
-1
147,111,255
478,478,7
7,319
311,1139
-1
641,961
-1
-1
-1
543,318
-1
-1
-1
1664,1817,1969
569
730,7,967
1614,111
7,319
1140,543
1093,1745
55,1171
908,572
555,1041
749,557,969,1851,267
123,465
267,1851
267,1851
267,1851
555,465,1209
-1
1455,1851
1311,123,609
1851,267
267,1041
267,1851
1580,428,284,267,1041
-1
-1
1851,915
716,284
1225,123,1635
820,1851
267,1851
555,1041
267,1851
1041,555
1851,267
1041,267
90,1010
284,267,1041
1074,987,1905
470,758
1225,1225,1851,267
-1
267,1851,393
609,267
-1
1041,267,1436
609,267
123
1997,987,195
609,1436
1351,1851,393
989,1851,267
1453,1851,915
61,1851,267
920,1041,555
421,1851,267
1021,1851,1203
1041,555,683
1669,987,1491
1466
1291
-1
1009,1801,1291,467
361
361
710
422,1574
-1
1291,1547
710
1574
458,106
571,523,1939,1939,1187
422,1574,235
1466,422
1466
-1
1009,1945
-1
235
-1
-1
710,235,361
710,235
-1
1291,467
710,235
467
710,235
1225,1585,235,710
361
1051,835,1939,1939,235,235,1225
1574
361
1451,299,683,1835,235,361
710,235
1225,1585,235
1466
710
235,1574,422
1153
710,235
422,1466
1531,235,1835,683,299,1451
235
1563,1527,1153,361
1153,1225
361
710,235
694,454,1862
603,46,1606,250
1862,454,454,1855
694,634
1011
694,454,1862
1593,759
1348,1342,415,415,1167
689,759
1011,1011,46
819,1245
379,759
-1
984,72,1245,525
910
1700,1774
1774
46,847,847,477
863,759
1774
1774,1786
454,454,1855
1606,1606,1855
1222,1855,607
694,1606
1785,1279
847,847,759
786,1650,1011
1606
998,934
1039
57,46
-1
1279,847,847,759
-1
597
415
-1
-1
1941,759
63,423,423,1875
443,759
934
1097,759
-1
1927
1606
1434,246,1011
-1
-1
861,1909,1909,661,661,805
-1
1338
1674,252
1687
1651,150
-1
-1
-1
-1
870
717,661,661,1465
-1
1687
388,244,150
-1
549,85,1237
1425,85,1237
-1
150,150,643
-1
-1
-1
580,196
-1
-1
-1
-1
685,685,661,661,1993
-1
469
1171,931,1822
438,870
-1
953,661,661,181
113,199
-1
438
980,1783
1051,1351,1338
-1
-1
-1
-1
1338,1171,139
1117,1941
731,1783
1856,1351,1338
1171,1651
-1
883,883,1245
948,595,61,1312,1312,576
684,595
195,523,523,688
1696,1696,1936
595,483,807,159,1914
-1
595,483
1312,61
1230,595
1911,595
730,1455,487,487,595
1896,1920,1920,1245
1383,595
1526,1245,336
-1
883
-1
312,1920,1920,1245,741
1408,904,389
803,1941
1671,1671,595
159,807,807,595
807,595,595,1111,1471
-1
595,483
1245
-1
1128,1245
1245
519,595
126,595
345,1657,1312,1952
-1
1749,681,1312
-1
1312,592
969,1111
1567,1662
463,883
1696,1696,1945
1312
505,1945
-1
595,483
-1
1471,883,595,483
-1
915
-1
858,1626,1626,823
-1
814,127,199,183
817,1375
858,1626,1198
1829,431
957,507,507,1815,1815,1995
1423,1626,1146
-1
1214,1214,359
908,503
1145,431
1159,183
814,127,199,183
-1
1597,1803,507
1239
1239
1579,559,1462
-1
-1
-1
284,259
507,183,1198,1626
398,398,1879
1214,1214,359
1223,431,1214
-1
1703,1223,431,398
814,127,199
-1
1397,1803,507
-1
814,127,199,1011
-1
888,1795
1198,1626
814
1115,1365
-1
1223
-1
1675,991,910
1214,295
1070
45,127,814
-1
1070
622,1486
1783,1727,1727,686
1717,1669,1777
1717,229,1849,337
1669,1777
1669,1777
951,343
229,1777
87,951,337,1849,229
1777,1669
506,690
1691,339
1660,1842,1842,102
87,951,337,1849,229,1141
524,375
1825,303
1519,1554
1717,229,1417
1993,1993,661,661,1261
82
1693,661,661,1993,1777
1669,1777
1777,1669
1669,49
1698
1062,375,1491,1491,1545
1777,1669
229,1417
1383,519
1777,1669
1698
10
1849,337,1383,519
270,1266
1717,229,1849,337
362,1527
1559,1554
843,375
1383
235,1554
1669,1777
1486,1486,1554
1495
1698
337,1849,229
1669,1777
337,1849
1227,1635
-1
710,375
55
1698,604
1914
1745
449,1609
777
820,1158,87,1945,1189
1158,1594
259,406,406,294
294
1290
1097,1609,1609,1689,1113
281,1217
466,1914
1745
484,1313
1207,1702,1702,1137
1745
1745
1978,449
409,731
1745
1745
637,1689
1039,406,406,294
-1
294
1745
1481,1217
1265,1625,1625,1217,587
1745
844,1158
1829,1217
649,393
294
449
1745
1702
1745
1232,1113
1907,406,406,294,294,1518
1745
1113,1081
1158,1594
1378,298
1113,1945,1745
87,1257,1081
-1
1745
1702
1745
1745
633,19,355,1363
785,1219
1219,1363
1646,106,1666
1646,106,106,564
1851,19,355,1363
1806
1961,355,1171
1427,787,19,811
1219,1363
1982,1646,1754
1582,1231,1687,1219,19,811
1090
1401,355,1363
273,787,1507
1167,1975,1399
1730,1294,1687,1219,19,1131
1687,1219
907,1219,1626
1219,1363
1710,1647
1251,1806,1626
1405,19,1795
1368,355,1363
1219,1363
994,566
1219,1363
1134,158,446,1795,19,1131
236,1294,1687,1219,1171
-1
355,1363
472,1510
1219,1363
1360,1536,1536,355,1075
1090,1666
1272,748
1603,1795,1795,302
1275,787,1939
1687,1754,1946
1135,1795
933,355,1363
1315,1363
1298,1294,1795,631
1363
1862,1871
1806
2,1862,1687,19,811
1363,1171
1363,1171
1363,1171
727,691
1223,1799,1919,1982,1046
-1
997,1591,1799,1583,1583,110
-1
1591
1591
1223,1799,1919,1982,1046
1118,1919,1799,1223
1841,1555
-1
1937,1123
-1
446
347,1123,1123,1105
1217
1799,1799,1987
1223,1799
1118,1919,1799
-1
1591,1982,1046
1415,1987
1591,1217,1217,989
-1
-1
725,691
1460,1478,1118
1591
-1
-1
-1
59,1987
1409,1987
1591,215
1118,1118,691
1799,1799,1987
13,1591
1701,1123
596,1478,1118
186,1194
1799,1118
1591
-1
1892,1478,1118,1118,691
-1
1591
1591,1118
1724,1982,1982,691
-1
302,911,1799,1223
792,801,1827
1858
1443
319,1515,1065
1957,1569
-1
1005,1569,1227
1858
291,1858
329
1858
1841,1858,1858,643
1564,1858,1399,1399,1291
1858
589,1717
-1
1796,491
1237
1858
1858
1858
1740,1737
1237,1237,1569
1515,1065
877,1717
1564,1858,1353
1210,922,1065
1788,1291
905,1858
1858
1947,1065,373,1357,1357,1645,1645,1088
1353,1237,1141,1933
-1
1858,1515,1065
329,1858
1885,1141
877,1717
168,219,219,723
1402,1106
1141,1885
1563,1527
1858
1858
886,634,1858
1237,1237,273
1858
1717
1858
1717
1065
1852,1852,1474
-1
174
1372
1038,1302,150
1263,759,759,669
360,777,777,609
362,362,1730,1730,1628
92,1910
202
150
-1
1761,507
-1
1780,1730,1730,362
422
-1
33
1041
177
-1
-1
-1
1801,129
870
422
294
-1
1629,777,777,609
1671,465,1281
1806,870
1628,1730,1730,362
1947,669
-1
1833
-1
984,1930
1281
710
1914,1372
1281
-1
507
-1
33,422
683,777,777,1497
-1
340,778
-1
-1
781,1709
-1
1532,1868
236
-1
-1
1555,1507
1548,290,794
1964
1532,1868,716
-1
783,1842
1136,601
1194,114,642
1195,899,1070
1964,1964,114,1788,1356
-1
830,259
115,1195,899
1356,1788,114,474
-1
-1
1964
826,1222,547,1843,205,205,1645
956,794,794,643
-1
1532,1868,716
1385
-1
410,547
-1
-1
1788,114,474
1356,1788,114,474
-1
236,236,794
-1
781,781,1061
1933,1933,197
-1
758,1843
-1
-1
-1
-1
86,114,924
662,115
1051
1788,114,474
1228,1612,204,1788,978
1342,474
31
1312,61
618,618,514
384,480
-1
1079,1462
1774
625
159,127
130,1342,159
730,1774
1228,814,478,159
1774,730,730,28
721,61,1312,1952
814,895,1543,571,1057
474,1774
337
721
31,463
61,1312
721,61,1312,592
721,61,1312
384,480,480,192
1057,1057,969
478,159
1057,1057,969
1937,1585,1585,393
1952,1312,61,721,1185
1774
1774
433,433,1435
807,190,1774
571,1057,1057,969
867,289,1633
127,31,1327,61,1312
1312,61,721,1729,51
1342
-1
433,433,859
190,1774
61,1312
61,1312
1774
1855
595,771,159
1729,1435
1774
789,384
61,1312
1083,1083,705
1263,1815,339
1479
261,1767
188,1474,1330,1210
1024,357
1858,1546,1978
1767,963
1767,759
1210,562,1858
1978,1546,1858,1666,1666,1938
1858,1330,826,1402,710,710,986
1858,562,1210
1606,562,1858
1767,759,1083,921,597
188,1474,1114
1921,183
188,1474,1114,1798
261,1767
826,1330,1858
1330,1474,1052
1330,1474
764,1474,1330,615
68,1474,1330,454
1364,1474,682,358
1474,1330
1721,1114,1474
615,1767,759
1089,1767
1858,1330
562,1858
219,1767,1635
1928,1114,1474
1474,682,1222
1767,759,921,1893
87,1767,759,1785
489,1767
1858,1330
615
562,1858
1474,1330,1574
1330,1474
1330,1858
1474,1114,1798
1299,1767
1767,3
114,1500
1047,87
1259,1114,1474
1637,843
-1
1673,313,85
1673,313
30,391
1908,391,871
291
633,1569,1569,723
1997,1569
1108,1822
1327
1224,273,273,705
313
1327
356,1515
-1
1303,1663
1423
1721,305,1115,1907
103,1879,1879,1169
456,1573
1821,219,1515,723
313,1115,1907
1593,305,1835,1879,1879,463
1829,305,1115,1907
1570,103
248,1433
-1
1101,1569,1515
-1
94,103,1879,1879,737
1179,153
1842,391
1015,1015,1169
1519,835,835,737,313,661
103,1879,1879,737,313,661
1543
1663,463,94
612,391
1001,305,1835,1879,1879,463
1907,1115,313
793,1569
1835,1879
-1
1823,259
1327
683,683,1924
1115,1907
1423
901,1569,1515
313
2,1082,1082,1478
376,710,710,1225,537,789
1225,1257
1541,1002
384,1225,1585
365,1002
415
1225,969
969
-1
337,649,393
1927,159
422
1196,1574,415,415,1002
1707,271,1574,1178
650,326
1178
786
1178
705,1225,1585
422
576,1082,1082,1826,700
619,649,393
422
1776,1225,1585
1095,1135
1298,1070
1992,793
816,1225
1662
1337,1576
1028,1574,415
969
217,537,789
1344,217
7,1225,1689
421,753,753,1857
1178
537,789
969
1884,1686,1686,1927
683,649,393
936,1320
786,969
650,326
1574,1178
343,847
732,1254
819,649,393
684,1686,1686,1927
215,1943,871,871,178
1500,1943,215
-1
495,455,110
1718,1151,1799,1223
1822
974
-1
1799,1223
1543,647,1799,854
1822
1822
1436,1583,1799,647,647,886,886,1798
110
1979,1799
-1
1614,910,910,1943,1475
1822
1706,1487,515
1220,638,1799,647
1822
-1
-1
1822
1822
1822
334,910
986,1583,1799,1223
1814,1583,1799,647
215,1943,439
1874,1487
1979,110
1822
879,1027
1223,1799,758
647,1799
1536,1753
1822
647,1799
398,1583,1799,1223
-1
1893,1753
-1
1129,305
215,1943,871
1822
1822
1609
1822
996,1943,215
-1
89,133,601,601,1003,1779
799
1790,1295,1295,1921,625,625,1285
-1
1905,217,1489,571,883
1737,917,917,245
-1
632,1295
1477,917,917,245
1858,926
-1
274,1489
1790,575
392,917,917,421
0,917,917,421
1887,571,1489
797,601,601,1003
752,601,601,571,883
1075,1921,625
1583,1921,625,625,133
369,1785
920,601,601,1921,1579,1579,926
1652,1295,1295,1921,625,625,133
533,601,601,1921,1579
1228,206
367
367
193,1489
1489,1579,1735,1807
367,367,1790
568,193
6,571,1489
1489,1003
1378,1718
-1
29,881
661,1649
1438,1489
1669,917,917,245
1687,1934
1735,1807
608,917,917,421
1040,601,601,1921,1579,1579,1790
1523,1489
784,1921,1579,1735,1807,1807,206
575,799
1489
780,1502
1129,133
505,505,1081,1081,1905
1301,1081,1081,1905,1905,759
936,1765,1045
1547,1943
-1
301,613,613,1297
1547,1943
335,719,505,505,1081,1081,1905,1905,147
1788,1030
757,1216
1011,1011,1081,1081,1477,661
154,1786
-1
625,1591
969,37
-1
616,1591
1938,1030,1030,1547
-1
380,1547
-1
154,154,1547
177,759,1551
-1
352,1149
-1
-1
1511,1547
154
1657,1657,1591
986,213
-1
586
27,1943
-1
1321,1591,154
-1
-1
-1
903,606,154,154,1547
154
546,1030,1030,1547
5,1943,1943,287
363
1216,1621,505
-1
828,1030,1030,1547
-1
-1
1010,1547
-1
1518
-1
479
1475,407,407,830
1140,890,314
1343,47
807,1518
422,998,1366,910
-1
-1
826,447
798
1775
479,599
263
1518,807
1223,47
-1
943,1123
998,278,1622,1775
222
807,222
890,710
798
1118,1199
1518
1967,419,419,479,758,758,1862
1511
293,479,758,758,1862
185,479
1612,1311
-1
1912,447
47
47
814,1198
1199
798
815,167
854,47
-1
1806,134
-1
710
798
1594,447
-1
647,1799,47
1010,890
1641,33
1637,1861,517,517,1243
613,571,386
1075,719,1631,734
324,191
335,263
486,1631,719,1511,1511,73
517,571
-1
1093
191,143
-1
90,1631
1250,1244
1545
359,1631,734
-1
719,263
-1
1487
-1
1972,1605
-1
380
335
65,923,263,1487,359,359,179
770,1631,719,1511
1189,1801,1801,811
1631,719,1511
719,263
-1
2
1545
1400,1766
1631
1135,1605
1189,1585
1487,263
1487
1487,263
1621,1801
429,1585
-1
-1
179,107,359,1631,734
500,1657
738,1631
794,1490,380
-1
-1
67,1747,1873
433,433,931,329
1702,1138,1714
649,865,865,67
-1
67,1747,865,649
-1
942,1243,433
-1
-1
67
384,865,865,931
768,1243,163
931,1747,1009
-1
1507,787
1939,355,865,649
931,1747,577
-1
1714
1714
931,1747,1873
1297,793,1009
933,91,811
1207,1975
1975
-1
-1
1570,418
1207
1714,1138,442
931,1747,865,649
1714,1714,923
-1
-1
-1
931,1747,433
1854,1975
931,1747,1009
-1
-1
1714,1138
-1
433,433,931
1727,923
1570,418,34
1138,442
-1
592,227
926,923
1846
273,402
-1
1290,1122
530,1138,1138,1246
1961,1145
962
1413,1306
1162,1097,497
1097,1097,150
496,1817,1865,299,623,38,290
266,1058,623,299,1865,1817,133
1766,1682
1797,534
1250,623
1588,406
1145,569
1162
1682,1766,470
1865,1097
1954,1855
1865
1097
1840,863
188
962
1865,947,1631
1631
1631
-1
233
662,398,470,1766
1865,947,1631,1334
962,962,406
1865
-1
1001
1961
1865
1097,1865
944,637
1865
910,1554
1309,1817,1865
29,101,1631
1001,665
947,335,1586,1634
-1
1097
1270
658,1846,1678,1591
1591,619
215,1619
1323,401,401,215
1027,1027,1707
323
215,1619,619,475,1561,1273,505,969
694,838
1629,1045,661
661,505,1657,1009
-1
661,505,1657,1009
215,1619
1849,1273,1657
1027
1846,1678,1591
694,1630
635,215
393,694
910
694,1630
1198,1678,583,1591
1591,1591,1390,1390,694
-1
1591,583,1678,1846
1591
619,1591
694,1630
622
598
1533,1117
619,619,215
619,1561,1273
1957
1591,1591,1187
-1
121,1273
598
517,1273,1561,1619,215
1619,215
1273
-1
661,505,1009
-1
1172,1630
215,1619,1273
924,1390,1390,1615,1615,971
661
539
814
406,294,1407,1407,619
619,1382
1836,911
1407,1407,619
619
1157,1601,43,1407
462,1407,1407,619
1645,1997
619,1555,1555,1855
-1
1701,1601,43,1407
1407,1407,619
1407,1407,619,449
629,205
1758,1758,6
1997,1645
449,1825,1825,1105
341
124,1110,1407,1407,619,449
1997,1645
1758,1758,6
687,997,629
1979,619,1555
1110,1407,1407,619
1407,1110,6
1276,1110,1407,997,845
341
1670,529
838,838,1110,1407,997,845
17,299,1217,341
1326,1407,1407,619
1115,619,907,543,543,1470
1645,341,1745,611
619,907,1407,1110,6
76,1110,1407,1407,619,449
341
1407,1407,619
1915
1110,6
1637,1979,619
1645
845,997,1407,1110
1762,1110,1407,1407,619
1537
1110,1758
619,907,1407,1110,6
1110,1407,1407,619,449
1298,529
1199
435,539
1148,1466,1402
1360,283,283,1579
44,1574,1510
278,1510
1024,1345,1345,43
919,1659
1992,993,507
777,417
1862,854
507,1641
278,998,934
703,1591,1591,503
688,283,283,1579
1279,283,283,1417
1016,1574,1366
1804,1659
1366,998,278
-1
1888,1345,1345,1843,1843,1907
507
520,1345,1345,1843,1655,1367
400,1345
-1
507
710,1402
1509,1843,503,1487
1659,75,1203,1655,1367
278,998,1366
757,700
705
-1
417,777
1510,710
134,1366
1245,1009
1840,1843,503,1487
252,1699,1291,1345,1129
1659,723
746,218,1574,1510
1365,507
246,134
1862
835,1723
314,890,1798
709,1345,1699,611
417
862,799,799,1591,1591,1763,1043
418,1348
544,769
134,1510
-1
-1
463,31,127
1855,159
953
463,31,127
-1
159
463,31,127
159,1342,742
895,1471
953
1671,159,1855
159,127,31
159,159,1317
-1
953
-1
1248,21,345,159,127,31,463
1057,1543,31
671,1925
127,31,1327
953
-1
730
478,159
159,478
127,31,463,1493
159
127,31,463
-1
-1
1186,1209
730
-1
-1
-1
1754,309
127,127,309
1201,553,553,1849
-1
127,21
1855,1855,1887
-1
-1
-1
196,1342,1342,159,807
335,1925
-1
807
1198
1198
1126,490
1355,347
1558,766
69,1990
1829,1337
1060,214
-1
514,1558,766
-1
-1
1852,214
1558,766
1754
1126,490
564,1558,766
-1
71,442,442,1266
1862,1235
1733,1433
106
951,1721,1337
-1
1862,1871
1759,442,442,1266
-1
223,1721,5
1558
1108,550
1372,566
1066,1126
1256,1616,1733,1433
-1
371
210,442,442,694
269,442,442,1266
382
-1
683,1733
1126,490
1754
-1
1538,998,1235,1355,347
1558
1554,442,442,694
1466,242
77,275
1454,1103,1103,851,1235,1235,1258
1774,1774,442,442,1266
298,298,1325
438,438,1306
1995,245
-1
1847,119,503
502
997,1109
438,438,1306,1138
1794,1162
1847,1847,486
1389,1109
1651,1554
1846
1803,1109
34,1870
298
18,1162,341
502
1912,826
503
298,1846
-1
1510,791,503,119,1847,1199,1199,1046
680,197,197,1594,1594,1554
1061
-1
883,70
1109,889
461
341
-1
659,1043,755
-1
-1
-1
-1
-1
1760,197,197,1594
1834,178,341
791,503,1091
341
408,1554
-1
319,1258,898
1847
1109
1637,1429
-1
791,503,1091
1847,1655
1011,1851,1729
332,1804,1084
939
1084,1612
-1
1729
1423,1297
-1
1626
1194,114,156
642,114,1194
706,1228
207,1020
87,87,1851,1729
201,123,1729
706,220
1729,1707
699,1707
706,1228,76,332
1194,114
1462,1131
1623,1851
1153
-1
-1
433,1729,1729,75
60,1506,210,906
545,681
-1
716,332,76,418
-1
-1
1729,433
-1
-1
1194,114,156
-1
1729,1425
-1
1938
1084,1612
1938
-1
1729
357,1977
325,613
433,1729,1707,519
1084,332
-1
42
1229,869,497
-1
-1
-1
-1
-1
259
156,1591,1591,403
55,1171,151
718,1699
1476,1699
424,367
1407
618,111
259
881,1591,1591,799
31,670,670,1591,1591,1763,1763,1811
1975,367
259
-1
-1
1384,367
-1
762,111
1474,1567
444,111
-1
1283,1505,1649
170,1619
422,1699
1342,382,382,1591,1591,1619,1409
1518,543,543,579
-1
752,1591,1591,799,1534
111
111,255
543,318
1795
-1
1447
-1
888,1591,1591,1619
994,1591,1591,1619,1409
-1
354,1591,1591,1619
67,67,367
259
1649,1409
780,1591,1591,1619,653
727,971
-1
275,1523,649
651,73
1159,511,899,971
1225,1225,899
1801,1009
1801,1009,1009,483
1683,1227,1227,1801
793,793,899
793
1237,899,791
263,1247,275
275
647,1151
815
1223
793,793,899,1223
1223
-1
899,899,1799,1799,1055
1055,911,815
1009,1801,1801,899,899,1799,1799,1055
325
863
1009
1223
1009,1801,1801,899,623
-1
-1
1564,1390
899,971
1799,1871
1706,1799,1799,899
-1
793
1915,1187,1223,431
1487,899,971,1801,1009
1009
1843,1655,791,287
1364,1799,1799,899
1223,431
275
145,433,1801,1801,899
1586,1799,1799,899,971,971,1189
793
457,1187,1223,431
741,899,1223,431
275,371
1223,431
791
269
1195,475
781,1709
475
187,899,1070
1041
-1
-1
475,1195
1051,1771
475,1195,1843
1195,475
1790,1187,475,1195
656,1717,745,187
1771
1187,187,745,745,53
187
1717,187
781,1709
1275
681
475,1195
1717
1771
781,1997
1771,1187
61
1195,475
187
1717,187,899
-1
781,1709
1717
781,1709
1717,187,899
1140,481
-1
1717
1717,187
899,475,1195,1843
-1
1195,475
475,1195
187
-1
1195,475,899
1771
1717,187,1187,1187,674
776,205,897
1187,187,697,121
1417,289
1633,1633,361
610,566
1489,1945
1754
625
-1
-1
1603,163
1275,678
1507
632,1294,775
625
775,1754
1633,170
1605,678
1946,1946,782,782,1439
1082,1294,1633
1489,1489,678,858
1586,1294,775
1576,678
-1
-1
1425,678,1626,1626,874
1009
-1
1009,538
-1
-1
1009,1009,1849
1275,678
1974
1522,298
197,678
1009
-1
1849
1507
519,1543,1754
-1
1421,678
1724,1294,775
-1
1009
-1
566,106
134,1754,1226
1737,1146
1754
343,343,1795
691,67,807,519
1485,1507
1950,1950,759
992,646
1950,471
1228,1518,1518,399
1582
1726
-1
1507,1555
519,519,1230
519,519,1230
519
1879,499
430,1879
519,807,67,1555,25
75,367,367,998
799,1642
519
430
1252,1518
1507,1555
1225,1438
430
1555,421
273,367,367,998
430
1640,931,571
519,807,807,439,1943
519,807,67,1555
430,1879,571
1507
430
-1
831,1230,1950,519,807,1555
1642,1582,1582,1943
935,782
499,1555
221,782
1555
519,519,1230,1486,1198,1198,526
665,931,499
1555
-1
1639,1411,1411,367,367,1358
993,1230,1230,952
430,1879,823,823,1363
246,519,807,1555
1642
1516,1518,1518,1695,1383
-1
1935,375,1171
717
191,839
1807
249,343,343,1966
1807,335,911
44,463,343,163,163,915
1657,1801
-1
1117,1765
1171,1171,1959,1959,1086
1171,1171,1959,1959,1086
1414,922
1311,483
1167,1167,163,1171,1003
1807
1407,1479,1479,375,631,343,343,1966,890
-1
-1
829,829,1171,1959,1950
-1
-1
1919,935,935,1959,1950
1822,343,631,631,1959,1959,1086
1527
64,256
476,463,343,339
1167,1167,163,1171
1762,463,343,631,631,1959
163,343,1822,1786
989,1171,1635
163,163,1343
1171,1527
303,303,1347,631
790,1750
1581,645
173,895
-1
-1
1844,1750,343,631,631,1959,1950
1855,343,343,627
887,1959,1950
24,1824,1824,645,645,1801
829,829,64
1807,1102
-1
1102
1563,1491
163,163,199
-1
1170,1246
-1
321,577,1057
1177,997
1,577,1057,421,1717,1237
1949,1177,1057,1057,1243
-1
822,1927
-1
1301,761
-1
1314,1927,1285,997
1214,581,1013
1929,795,795,271
1717
1285,997
-1
1673,1025,997,997,277
533,1757,1757,1285,1927,159,1662
9,1121
1899,271
1387,1963
421,1717
722,1599
1193,869,1397,1397,1685
396,1342
313,1717
1473,1342
761,1301
1717
-1
708,1342
1733
321,577,1057,997
796,415,415,1959
1482,1194
415
-1
41,1877
-1
-1
752,25
822,1927,1285,997
1717,421
536,1177,1057,379
210,1246
1717,421
415
415
299,1939
299,299,1051
299,1939
299,299,478
261,1203,1203,713
299,1939
652,316,316,82,1914
1992,1203,1203,785
-1
1939,1939,785
-1
1207
1259,1619,1203
490,1259
964,1876
1163
1666
1666,1666,713
-1
299
1939,1939,785
482,757
27,1859
1666
875
227
1207
1666
912,713
-1
1666,1666,564
1666
-1
1090,1666
299,1939,487,159
-1
141,1275
713,1793,1939
-1
1059,713
1369,1561
299,1939,1783,1671
487,1783
713,1793,1939,1783,487
1968,463
1027,1027,1563
1027,1939,1939,785
299,683
930,1324
1666
1763,1763,1591,1591,151,151,574
574
854
1655,151,151,574
1716,1946
583,583,323,323,179,449
1763
574,583,583,1591,1591,1763
574,583
1239,1163
1035,403,403,1763
519
854
1763,1763,1591,1591,151,151,574
574,583,323,323,179,449
519
1910
854,7
-1
856,1699,1699,1163
1079,835
660,1658
1682,1874,854,583,583,1591,1591,503
302,1646,1646,1582,583,583,1591,1591,503
854
1910
596,1718
1575,1163
1283,1591,1591,151,151,1087,1087,326
1142,583,583,1591,1591,1763
519
1483,179,449
-1
-1
691,1163
1534,1006,1678
854
519
1309,1699
519
574
449,179,1475,1475,43,1933
-1
-1
1950
854,583,583,1591,1591,1763
1763,1763,43
519
768,1163
449,179,1475,1475,43
874
-1
586
-1
1822,154
953
1327,1327,154
1385
154,1786,1786,773
586
377
1882
1136,154
1255,154
874
-1
-1
1882
449,1739
953
985
1671,1882
-1
1673
874
154
1882
-1
389,521
-1
154,1786,953
238,773
154,1030
-1
874
154
586
828,1030
953
323,154
586
1164,1162,154,1786
1882
-1
-1
154,1786
154,1030
154
333,521,521,154,154,190
1733,521,521,154,1671,1671,1729
-1
47,375,951,87
1635,1635,919
634,375,951,87
87,951,55
869,365,365,1949
87,951,951,577
951,87
956,375,951,87
1949,365,1301,1301,1429
962,375,951,87
1799,375,951
490,1783,951
1301
64
767,375,951
546,1506
1788,1783,1711
483
553,1054
918,375,951,951,1518
558,375,55
1301,1085
988,375,951
874,112
700,375,1491
1844,375,951
1297,667
1135,1495,951
-1
1310,375,951
915,163
519,483
519,483
696,1783
483,523
318,375,1495
1993,112
1966,375,951
1726,375,951
440,375,1491
-1
1699,375,951
865,379,595,483,519
483
1783,1635,723
1123,375,951
630,645
249
1551,375,55
1874,1757,1568
574
922,1757,1568
1082,1471
806,1471
992,1109
992,1541
-1
-1
-1
-1
1460,1471
-1
530,1471
574
992,1109
1188,1471,1471,1077
-1
1447
173,992
458,1471,1365
958
232,1757,1109
895,895,607
1393
850,1786
-1
-1
1365,645
1471,1534
718,1006
428,238
706
-1
-1
151
572,1471,1365,384,480
563,1365,384,480
384,480
1541
1994,1471
1471,574
-1
238,430
-1
384,384,1545
-1
475,461,1136
-1
-1
1591,907
1608,791,1811
1005,1068
1845,791,1379
727
1799,1943,1591,907
727
954,1138
1591
1945,1079
1084,1612
-1
822,503
727,1591
1943
1010,1946,134,1366
1591,907
1612,1084
943,871
1159
1308,1159
1591
1591
1591,907
727
1084,1612
1574,1366
849,1356
1799,1943,1591
1366,1574
295
1591
1862
1489,791,1379
1159
214,502,1159,1223
1989,791,1379
1165,1834
1591
1081,791,1811
1159,647,1799
507,791,1811
789,791,1379,1379,1925
1159
1591
928,791
1308
1159
1453,791
1159,647,1799
57,1461
-1
-1
1915
420,1595
-1
57
1921,1339,611
1179,1929,1905,1921,1339
611
1022,1595
611
1065,1545,1905,1905,1847
924,348
-1
-1
-1
515
357,1401,1991
-1
1545,1905,1511
1339,611
611
179
439,1615
191,345
57,1497
611
611,1339,1339,1329
418,823
611
-1
1545,753
-1
-1
-1
-1
-1
611
515
-1
611
-1
209,1043
1905,1545
-1
611
611
616,345,921
263,263,1595
1394,1034,782
1616,602,602,1186,1186,1546
331
427
1079,235
-1
1453
1034,1718
277
1577,550
1627,1291,1291,550
1142
1430
1237,421
550,1198,331
906,348,550,1198
1525,1573
-1
979,979,550
589,1657
85,937,937,550
278
1618,1466,782
944,301
201,1075
1546,1042,170,1358
327,85,493
550,1846
331,331,550
168,1075,1075,1466,1466,700,700,1912
427
81,710,1034,1394
1651
1805,746,1682
1651,331
-1
331
854,1525
-1
1846,550
1846
161,1525
331
550,1198,331
550,1198
1651,1939
1939
782,782,550
1438,602
1558,331
910
272,1201,1057
575
598,1558
76,1474,575
625,1777
1616,625
625,1777
-1
870,591,771
598,1558
-1
-1
252,1750,1462
247,343
159,1806
1047,1201,1777
138,159
380,1750,694,159
-1
-1
575,694
1671
1176,1201
1201,1489,1045
215
-1
625,1777
93,591,1806
1558
1208,1750,694,159
598,1558
1135,1135,1201,1777
1462,1614
-1
-1
1172,1750,598,1558
1135,1135,1201,1777
1794,159,1455
494
1558
1546,694,1455
1044,598
276,598
1546,694,159
625,1777
865,1777
-1
-1
704,1201,1057,667,1135,1054
517
-1
1626,1009,1657,1273,1561
1102
63,505,1957
1561,1273,505,649
1102,346,1714
274,130
1561,1273
1806,1138,1138,1466
274
121,505,649
238,1966,1714
1138,1138,1658
850
1102
1138
1561,1273,505
1102,1102,682
-1
1102,1102,682
1273,1561
824,274
1657,1273,121
1102,1102,1714,1714,798
274,1930,1102
1102,1318
1922,1606
668,370
22,22,1714,1714,1626
121,505
1412,274,1806
500,370
428,1606,1102
1498,1606,1102
1561,1273,505
1806
1318,1102
1318,1102
274,1662
418
1582,1231,1102,1606,682
517,121,121,283,283,931,1606,682
484,274
346,1102
121,505
1318,121
1806
1066,682,1606,1102
370,730
1681,230
-1
449,1979,1681,1093
1088,1897
289,1867
1003,1118
-1
601
-1
1603,997
270,997,997,1928
1928,272,1897
-1
-1
-1
992,1664,1897
1671,398,230
972,950,470
903,997
-1
1892,1681,1093
-1
-1
1620,1499
756,950
-1
-1
-1
517,1681,1139
203,1235
227,1811,1235
70,133
-1
174,997
398
-1
284,108
1910
980,1681,1681,997
1897
1681,517
1113
205,1033
1897,1681,43
1736,1033
1681,43
-1
601,1681,43
-1
1046,542
1879
1365
-1
1879
778,1353
-1
-1
1509,957
1559,263
-1
1667,263,719
-1
-1
1415,1679,1679,1067
1320,636
-1
1268,474
-1
-1
1075,943
-1
1139,263,1631
1509
263,1487
1833,1509
939,1281,1281,943
1057,943
1509
1365,1749
1836,1987
1591,1123
-1
270,474
719,263
1365,1509,1833
-1
1365
1667,263
1509
-1
151
-1
-1
1446,1270,1270,1879
-1
-1
-1
1548,1987,1365
1509
-1
1105,1177
1686,282
1861,205
1110,714
1737,376
250,562
133
287,1790
1790,1151
946,1138,1714,790,350
1790,1151
1714,790,350
-1
377
1714,790,350
714,1254
128,1232
1790,1151
952,250
889
1978,350
1978,350
1162,1666
830,1790
889
1398,1722,714
1415,575
1349
889
250,562
485
1861
562
889,1745
1790,1502
714,390
1790
1398,1722
418,250
1503,1146
1790
889
1429,1061
377,889,102,1722
485
803,575
1660,1222,1933
1961,1217
1398,1722,714
1790,1151
1549
-1
-1
-1
415
-1
-1
-1
-1
498,678
415,415,1855,1855,1966,1966,818,1652
-1
386
-1
-1
1902,415
1041,1855,1855,1966,538,818
1106
-1
415,1194,114
1194,114,1788,1356
-1
-1
-1
-1
-1
-1
1837
4,292,1250
-1
-1
1633,1633,721
1983,415,415,1855,1855,670
-1
-1
818,538,538,1855,1855,415
415
-1
1837
-1
415,415,1855,1855,1966,538,818,1964,1580
1682
1020,426
-1
1194,114,642
-1
1682
325
-1
-1
-1
-1
1844,1438
7,1047
7
-1
353,683,683,574
727,574
1058
-1
771,238
-1
1322,1438
1058
7
574
310,554
-1
471,238
-1
-1
-1
238
-1
-1
1058
-1
238,1735
1174
1833,526
238,583
7,1543
1699,574,574,526
-1
-1
1614,238
1058
1174
1058
1875,238
-1
22
596,1460
1649,827,827,1087
179,1087
1831,238
793,526
238
238,7
238
463,631
350,62
1543,895
926,926,1471,463
1186,682,175
1889
31,1327,67
494,1646
463,1471,1534,575,191
463
1582,350,1502,1502,1031
-1
-1
175,175,1232
-1
1543,895
175,175,1834
926,350
1543,895,478
463,1471,1534,62
-1
350,1502,1502,1031
67,1327,31
895,1543
62,62,1471,463
-1
926,350
1543,895
463
127,31,1327
895,1543
878
-1
31,1327,67
-1
-1
-1
1543,31,127
1139
1543,31
1471,1534,926
349
1543,895,1342
175,175,1399
463
350,926
926,350,1582
926,926,703
895,1543
926,926,1471,463
1141,487,159
1933,1141,807,1887
1141
868,1455,1455,691
1453,877
998,863,215,1843,979,1455,622
159,487
487,1455,622
1624,231
1887,1671,1671,1843,62
1135,1135,1843,1843,206
877
1237
331
1885,1141
1455
1502,331
1141
331
1455
1151
1455
807
1868,1007,1843,979,1135
1887,1671
1790,575
1316,1871,487,159
1237
-1
575
1922,1439,1671,1887
487,159
1671,1239
229
1151
1887,1239
229
1455,1455,863,782
359,1151
1887,807,739
159,487,575
1887,1671
-1
1151
229
159,487,575,1790,1790,916
1662,1239
1141,1885,1885,400
1748,143,487
1425,974
-1
1298
819,116,116,1052
1182
652,76,844,1484,1484,530
-1
393
-1
1298,1298,1196
507,1545,393
844,2
-1
1877,1730
1642
76,844,1484,1484,681,681,21
-1
1905,217
1833,1545,777
346,1446
393,753
-1
534,1758
534,1974
777,393
1484,844,1612
393,777
129,1083,687
1484,2,650
206,434
393,393,21
-1
-1
837,1113,1113,309
-1
-1
1286,236
1612,844,1484,753,393
393
486,1851
393
393,393,1317
-1
393,753,753,474
76,844,1484
1484,2,650
1182
777
786
777,777,1401
650
1331
885,1257
1693,397,1835
85,505,1547
85,793
-1
240,1765
1547,623
1477
1331
1331
1869
397,397,1430
1331,1955
397
1331,65
1547
1752,1477
-1
1749,768
1592,808,397
863,295
1045,1909
1869
1547
1336,1477
467
683
467
397,397,1453
-1
467
1193,395
-1
1331
1547,1943
467
1331
1042,1465
1264,397,397,1916
467
683
1847,1907,1331
397,397,1133
1547
885,393
1547,1943
1547
1547,1547,1244
1996,1547,1547,1721
1707,1815
1388
741,1959
-1
1276,1059,1059,699
528,1959
1388,1059
1130,1059,1041
1862,1059,1059,795
572,631
298,1059,1059,699
955,1707,1707,1959
141,1959,1959,1094
-1
-1
1173,1959
1707,1707,1959
1518,75,75,1947
1707
-1
1587,87
1712,843,843,1959
8,843
463,1059
1124,1059,1059,699
-1
15,195,1041
273,1959,1927
1012,1059
1237,843
228,699
956
927,183,183,843,1041
-1
187,1339,955,1707,1707,1959
609
1911,1911,699
1387,1959
1707,1707,1959
-1
1815
1160,843,843,1959
774,1851
1707,1707,1959
-1
1437,1959
1442,530
1833,843,1815
956
1705,843
1104,1658,722
-1
-1
1483
1891,1027
1658,422
-1
-1
523
631,415
595
1230,314
1027
1051,1483,422,422,722
326,326,722
1927,739
1495
1658,422
1927,739
1164,1015
1658,422
871
1292,1658,422
422
-1
523,739
422
1286,1286,938
1286,1286,938
1926,1027,1027,1153
1286,1286,314
1286,1286,1370
1495
1495
-1
-1
1495
-1
1190
-1
739,739,1153
795,739,1927
871
422
871,871,619
422,422,722
-1
-1
1639,1495
1996,1051
959,818
1394
816,1408,1408,1573,133
-1
1094,242,754
1674,242,754
1353,377
1078
384
789,384
1394
551,242,754
1248,1581,1581,1915
889
1713,377
133
673,673,1925
889
889
1104,1365
889
1555,953
-1
-1
1580,827
419,242,754
133,661
1343,242,754
101,889,1033
564,260
889
785,1106,1106,1852
889,1033
1029,377
1433,827
282,889
230,242,754
256
1394
-1
1366
101,889,1033
1610
1861,661,661,928
1394
1394
384,384,1317
384
377,313
1936,1573,1861
907,1723
398,383
475,1195,1195,559,1198,334
53,1069
559,559,166
1846,823,1195,475
1990,823,1195,475,475,398
-1
1830,823,1195,475,475,398,398,188
1594,823,1195,475,475,398
-1
-1
1774,1774,823,1195,475
-1
478,478,823,1195,475
475,1195,1195,559,1462
187
1709
1518,294,294,823,1195,475,475,398
187,187,398
701,853
1305,398
701,205
1051,1051,398
581,1781
944,853
1091,398,398,674
-1
398,383,187
643,559
1855,1855,823,1195,475,1238
187
187,539,539,398
1764,823,1195,187,1915
1289,1526
398,383,539,187
1195,475,539
187,539,539,398
539,1051
445,1423
-1
1479
1645,205,205,1897
-1
1051
1903,1111,559
-1
-1
1053,565
997,61
1207,1207,993
377
1917,521,521,1207,1207,993
155,1207,1207,993,345,357
1543,1543,773
1936,345,993,1371,1207
1543
1543
1543
247,343
993,345,357
1543
693,201,993,1371,1207,1111,89
1155,773
1207,1255
1445,521,1543
1543
1543
1543
1536,345,417,1515
345,357
953
1543,1543,773
-1
1080,17,1259
1543
377
1543
1543
1629,201,993,1371,1207,1255
1543
1543
866,1207,1207,993
-1
993
1543
377,1543
1126,993
423,773
377
533,17,1259
1543
1543
-1
1207,1111
1543
107,773
129,321
993,1371,1207
-1
768,597,1029
1651
1687
1229
1733,653,1949,1181
676,643
-1
1512,869
1799,580
921,1461,93
-1
1229
165,1461,957
653,1949,1949,1133
-1
165,1461,93
1568,653
-1
29,653,1733
1602,643
1336,653
-1
1029,1461,93
1818,1461,957
57,597,768
-1
-1
-1
1213,653
-1
1009
-1
-1
1279,1999
653,1949
1088,653
768,597,1029
-1
730,643
-1
244,643
1647,1709
-1
93,1461,165
-1
-1
1687
-1
1687
1193,145
1185,875,875,1019
-1
732
-1
1953,466
246,875,875,1019
1721
1685
1184,677
1330
772,1474
-1
1467,677
-1
-1
673,1880
1145
1296,677
221,1637
-1
1655
464,875,875,1907,1655,1655,1762,1762,1228
-1
1721,1415
1546
1252,412,412,1258,1655
1732,412,412,1258,1655,1655,875,875,209
864,875,875,1907,1655,1655,1762,1762,1012
-1
1642,773,1685
1721,875,875,1907
786
263,1559
-1
1650
1559,911
1708,1708,1258
1330,1330,1012
-1
138,1811
1612,1708
724,1138
562
-1
-1
562,1372,1612
-1
-1
1424,1637
1612,204,732
619,1015,1714
1316,274
1714
1879,1714
-1
1051,1483,1483,359
1591,1591,1051
619,1015,1714
845,1871
1483,1483,1079
-1
-1
1714,1015,619
1714
1714,1138,946
1844,274
-1
1714,1714,1655
-1
1079,1591
727,1591,1051
274
1400,274
1578,1138,1714,1015,619
388,244,274,1015,619
1714
1714
1879,1714
1143,1503,1714,1015,619,1051
-1
-1
1556,274
-1
274,418
1138
1138
1714
-1
335,1123
446,1123,1051
1076,1123
1903,1015
-1
-1
882,1138,1714
1714
-1
1015,619,619,1323
1714,1714,1847
1714
115,574,1653
115,574
357,1869,1437
1546,370
1869,357,574,115
-1
1930,778,1042
1642,357
370
-1
1869
-1
861,1869,357
1749
-1
-1
-1
1378,1354,1642
1869,357
1546,370
-1
1546,778
1534,1006
-1
-1
-1
1596,1354,778,1042
-1
-1
-1
574,115
-1
115,574,357,1869
780,1066
-1
-1
-1
-1
-1
-1
1869,357
1596,1354,1546
1869,357
1221
-1
32,1357,370
-1
1024,1357
-1
1501
149,1397,1205,1717,1141
1847,1847,1871
173,557,1997,1549,1847
1749
1749
-1
357
461,557,1997,1549
461,557,1997,1549
1799
1633,1633,789,789,429
1221
667,1509
-1
628,1703,1847
119,1199,1799
1847
1106,1703,1847,1847,905
1335,71
245,1549
721,177,1549,1549,557,461
461,557,1997,1549
1549
1799
-1
-1
-1
317,461,557,1997,1549
392,461,557,1997,1549,1633
1223
649,91
988,1703,1847
1904,461,557,1997,1549
1832,461,557,1997,1549
680,245,1549
453
910,1703,1847
-1
1799
1932,1415
1240,557,461,1181
1060,485
-1
1256,245,1549
-1
1549,1549,557,461,1949
1847
-1
1799
-1
1339
460,1110
640,1960
1377,1537
187
202
-1
1953,1537
1537
187
882,138
1790,1951
1537
1915
1915
1686
1722,1398
475,1195,1398,1722,1722,1290
475
1214,1642
1195,475
-1
1537
1578,390
1915
9,1537
187
102,714,210
187
906,348,348,886,886,143
1537
1572,886,1735,1195,475,1385
1339
1537
210,714,102
444,886,886,143
1537
390,498
714,102
1915
1212,886,886,143
1915,187,1195,1398,1722,1722,1290
1790,1951
1462
1195,475
187
1537
1646
1537,1313
1195,187,1915
1464,858
775,1543
721,1986
1057,1057,1833
92,1586,1658
1455
1242,374,1543
721
1057
-1
1057,1057,1833
1057,1057,92
92,1586,1658
721,337
873,553
409,721
1543,775
1057,1057,1676
1455
721,337
-1
380,290,1658,1543,1455,159
1884,1788,546,1338,159,1455,1543
824,1658,1057
1057
1455
1455,159,159,1788,1884
1942,938,938,476
190,222,1455
721,337
380,290,1658,1543,1455,159
-1
1448,1585
518,518,92
514,348,1122
311,380
1479,876
310,938
1057
409,721
1455
193
-1
190,222,1455
1455,1543
976,770
936,859
1455,1455,1770,1986
92,1586,1543,1455,474,1122
-1
1288,805,1177,1321,1511
661
313,611
-1
920,1573
661
611,611,16
795
515
611,313
-1
237,805,1177,1321
179,313
313
759
313,313,867
445,829,829,277
179,313,313,867
229,1177,1321,515
515,313
313,313,867
313,313,867
611,827
219
1975,559
515,313,313,1731
1515,313,313,179
-1
1515
695,623
515,1321,1177,1177,397
1632,1767
701,1067
313,313,867
-1
313
313
1991,313,313,1731
515,313,313,867
656,1573
1515,313
477,805,1177,1321,1559
1515,313,313,179
1872,1767
-1
759,1515,313,313,179
-1
759,1515,313,313,611,611,952
1070,628
466,242,242,1595
-1
889
-1
439,619
133,1753
889
-1
1504,1312,421
1583,1502,854
1085,1301,133,1753
261,377
-1
503,1703
-1
-1
377,313
-1
-1
480,1504,1312,421
1661,1301,889
889
1424,896,1301,5
449,1861,205,205,736
-1
485,467
1078,1069,1069,1120,1504
814,1622
1257,26
-1
1301,221,608
769,1069,1069,1696
313
1490,70
1721
1528,1069,400
544,1312,421
1329,26
-1
862,511
997,430
313
213,1833
614,70
375,205,205,736
832,16,853
1152,360,1696,1312,205,1861
421
1747,26
205,1861
-1
1545
1177,1177,1775,1031
1177
313,1286,1058
623,791
722
631,1825,1753
1177
1067,1055
1957,1177
842,1442
1641,1977
1340,1406
1177,1070,1286
1528,709
1710,1631,1055
1990,1761
33,1329
1329,33
124,709
995,1775
1902,69
1446,1317
1285,331
1382,1631
-1
922,1317
1848,1317
1946
99,1825
1177,889,889,569
815,1571
-1
1545,33,815,1571
-1
335
1957,1177,479
1825,709
959,191,191,206,206,1514
-1
421,331
623,1177,1957
1657,1977
1177,479
1139,191,191,1502
1177,479
335,935
631,1825
290,1058
1177,1946,1946,578
-1
-1
-1
1442,1610
-1
978,1239
-1
1015,1231
1154
1239,591
661,943
-1
1310,1262,1838
-1
1879
1730,1987
-1
751,367
858,375,1675
1154,1154,1987
-1
1953,41
1567,1387
964,1491
-1
1154
-1
734
1932,1543
1310,1118
-1
1239
163,523,523,787
-1
-1
-1
1116,375
431,1987
135,959,383,383,1987
956,1987
-1
623,1987
-1
-1
1618,992
483
-1
1094,230,230,1262,1838
1070,1987
-1
403
550,1846
643
1235,1555,1507
1462,643
1846,550
-1
1254
101,1555,1507
1722,1398
827,1555
1126,1126,1555,403,1051
390,390,1411,1411,755
755,1555
469,550
1462,1462,490
-1
274
1846,586
1846
1846
1457,1159
1777,1147
150,366
1126,1126,1555,403
1558
102
1220,1034
73,1591
1126,1126,1555,403
1591,1462
-1
-1
390,1038
581,1555
-1
1591
1462,1462,1411,1411,755
1361,1123
1878,1558
-1
1431,1687,1462
-1
1959,1591
-1
1398,1722
1547
-1
154,1126,1126,1555,403
1846,550
1339
1290,642
1537,1537,337
634
1290,156
1356,1788,210,1146
619
1799,1258,1642,1194,114,642
1345,1537
1915,1915,265
1356,1788,114,1194,1339
1345,619
1083,946
1339
1915,1633
1339
1537,1633
634
619
1138,1990,1770,1938
1345,1537
619
1345
-1
731,1417
-1
-1
-1
1356,1788,114,1194,1642
-1
-1
-1
619,619,337
-1
1595,913
-1
-1
-1
619
-1
1612,204,1356,1788,114,1194,1642,1430
619
1777,553,1345,619
619,619,1561,1561,157
-1
1938,1770
-1
200,430
1319,1690,1642
-1
667,631,1063,807,1662
807
1436,673
1025
604,274,46,807
807
807,403,737
807
161
631,1063,807
659,659,1619,1619,673
343,1155
807,1198
46,1671,303
1657,1657,755
1889
-1
-1
1155,46
403,737
255,1671
-1
1509,141
1015,604
753,825,1401,1657
1401,1657,1657,755,1187
807
807
807,807,1261
1662,807,807,1401
776,971,835
1051,1051,385
1537,1015
1187
-1
1949,971,971,547,807
630,1671
1657
783,755
807
-1
807,1509,1653
807,403,737
910,807,807,834
807,403,737
1657,1801
-1
-1
770,755
1657,1801
442,1738,1738,1734
1171
615,615,739,1171
1822,1306
1102
229,1171,123
1822,1306,474
1306
670,631
1822
951,1047,1407
1690,1183
755,1654
670,631
631
462,462,750
631,1815,1479
1114,1183
451
688,1171,1527,615
1171,1531
1636,1050,462
163,631,631,1654
1171
1223
-1
725,1654
1102
-1
670
1171
670
64,829
474
-1
1822
1171,1531,1504
474,1126,1822
670,163
1646,1582
-1
1171,1531
1038,1910,1910,878
1866,739,1171
1171
443,375,1815
1530,739,1171
1522
1171,739,1527
1219,886
-1
215,1619
-1
1865,425
187,1591
857,569
-1
1168,497
619,1591
-1
-1
-1
-1
728,215
1339,619,619,215
-1
383,375
1051,1051,215,215,1706
-1
-1
1591
215,1619
1645,857
475,619,619,215
1051,1591
1515
-1
-1
-1
842
1366,403,619
215,1619,619
619,1771,1435
619,619,215
888,823
1915,1591
215,1619,619
1632,867
-1
-1
619,619,215
619
48,1963
475,619,619,215
1941,867
1591
219
-1
539
507
1843
691,691,1110,1110,1926
-1
1702
653,691,691,966
1069,1205
1038
-1
1843,1843,1118
49,43
-1
1038,691,683
634,294,294,831,691,683
1038
1038,691
486,335,691
768,53
1933,1933,1061
1118,1199,691
1118,1199,691,691,966
816,570
1232,805
1843
917,917,277
53,1717
-1
1062,86,86,335,755
1038,1933
1814,86,815
-1
1843,1843,966
1118,1199,1199,1681
1038
-1
1118,1199,691,691,966
1038,691,691,1118
691,691,1694,86
1038,691,691,1118
309,1118
479,86,1382,1382,918
-1
774,822,781,1709
1933,1709
-1
-1
53,205
1624,966
81,1267,691,691,966
1563,966
288,917
114,343
524,341,1109
-1
1322,146
-1
1927
1106,538
1294,1543,1543,1603
463,1730,1730,362
1207
343,847
1678,1287
1207
1021,1349
291,1803
2
917
241,146
1927,917
917,343,847
701,448
2,322
291,1803
1383,15
-1
2,2,343
343,847
-1
-1
982,1383
1109,1109,866
-1
1676
524,524,343
1639
-1
1315,847
654,146
870,1730,1730,362
1172,343
2,1970
-1
1772
886,343
-1
1543,1342
437,451,559,559,146
1477,1759,1759,1730
1333,1759
-1
1003
1048,1696
830,283
-1
946,102
751,7
390
-1
1183,438,1686
1722,1398
-1
607
-1
1147,289
1147,289
-1
282,1686,438,1183
461,451
1398,1722
1722,1398
685,1147
-1
574,1183,1039,1039,1543,1543,1495
895,775,175
282,1686,438
1977,1147
-1
1686
1919,283
85,1333
283,1195
1147,289
1065,1147
1686,438,1183
141,1147
1147,289
1256,883
1183
-1
1686
1355,283
1496,1315
1578,1686
69,1147,1147,662
651,175
-1
-1
1398,1722
1686
102
1047,1119
928,779
701,1942
1479
1090,286
1685
1395,1983,1983,1014
450,1047
750
502
502
-1
899,1430
-1
1616,1301,1685
1750
1222
1510,1643,1643,1985
799
-1
-1
1072,998
750
750,687,687,111
-1
799
33,1942
227,227,1643
216,1829,281
258,286
881,1721,1337
-1
1131,1721,1337
-1
-1
1750
389,1337
-1
704,1807
5,1721,1433,886
1903,1207,1207,687,462
247,1721
419
-1
1685
1206,1119
1302
775,391,391,1007
-1
362,871
