876
1161
636
1813
1973
246
102
1
1044
992
1292
400
335
190
629
1089
1216
1309
1633
1291
1743
537
1257
1949
37
1629
1364
1224
1368
1008
1566
366
1809
1658
1373
1384
915
673
948
1459
396
924
1670
1598
1120
1625
1803
1958
207
853
1866
258
1325
698
1078
1471
462
1519
1280
1233
773
1045
647
1957
1713
519
488
909
608
1502
1053
1293
1897
629
1192
348
531
1258
160
1107
127
438
1563
265
1221
1256
1757
750
1473
1062
1386
810
1807
112
1503
68
478
98
571
1654
28
1629
409
798
1872
32
1269
793
1560
302
339
1570
1150
1143
303
1013
236
1381
610
1442
1292
820
565
740
1494
1812
1056
1326
69
333
663
770
1163
1252
252
904
278
1341
141
189
516
463
286
1085
776
1388
1403
26
261
121
1036
941
921
1038
675
864
992
823
792
335
1656
1959
437
49
315
1179
1342
1631
200
1302
1913
1923
504
1524
439
561
1966
1512
945
825
1847
1669
265
1696
320
921
1764
821
495
1067
90
302
1515
1528
598
379
1806
1047
399
1371
384
1127
1237
1166
283
1397
1006
131
670
498
657
1572
253
1698
199
1202
1878
990
429
833
1649
483
759
948
1343
211
1456
1375
1194
554
1949
427
319
419
1982
129
1985
1227
1976
1795
1439
1757
1718
372
1926
1395
1940
1692
969
1114
1468
1486
761
318
1310
1650
826
161
1591
1583
1401
1280
580
1345
256
19
572
439
1012
936
1398
224
734
229
336
229
814
99
368
592
280
408
531
84
306
397
1965
406
570
1735
38
720
666
1231
711
903
261
373
1201
1042
66
621
414
1888
953
220
374
1023
848
754
624
1374
1342
516
1302
283
455
246
1357
497
661
26
1783
1361
67
1198
1833
940
100
1665
696
365
1558
145
350
1323
732
11
1271
66
825
322
487
60
535
1538
81
1596
1020
522
1309
626
848
1776
1326
392
1883
1386
1450
831
1233
769
994
1197
532
814
747
941
1856
408
119
72
1822
1700
1925
1760
1638
1395
376
1055
733
1714
235
1258
355
891
597
58
1438
462
1510
13
721
1451
1530
1569
1476
176
1384
1726
676
1293
506
369
1895
523
1446
1989
604
803
734
366
118
1063
1498
1704
1176
14
1032
1145
360
556
1473
1881
1898
1661
1474
195
1328
1330
685
1233
1293
508
720
1006
801
273
165
1734
1613
1995
295
1411
346
802
841
725
1165
530
1586
1120
270
570
913
715
902
59
228
1258
378
231
1209
1465
899
1383
339
808
879
1690
908
1640
7
1690
1122
884
59
808
636
1296
1851
1825
619
896
1177
1516
1887
158
1722
1114
348
1186
786
786
983
258
363
1240
121
1081
241
198
1229
1039
1289
858
1900
1577
857
6
648
1863
576
1717
1338
257
1181
1453
786
690
1290
628
1485
1180
1061
562
1930
850
534
684
1290
550
140
1049
621
1318
1601
426
371
76
1241
359
664
1419
1985
709
130
536
530
1846
420
1698
1630
935
1965
1752
784
1247
1922
1267
956
857
79
80
752
1045
1099
457
660
1345
673
1570
1001
1310
805
916
307
476
395
1105
1530
1641
66
1745
303
916
1220
950
1859
784
73
1750
1860
283
1615
1950
660
1777
146
1602
710
1896
571
1007
684
1575
1309
346
893
1839
1867
953
1836
969
931
200
1450
831
39
202
787
471
905
446
185
801
742
1433
840
439
1980
390
1586
1234
498
1036
420
1876
322
1052
1903
1635
1629
809
1017
152
783
763
1657
1645
1665
1724
676
1591
247
1895
301
192
474
278
290
142
518
683
54
1774
462
1335
1129
891
1438
1309
1533
1676
96
1055
288
33
1594
243
289
9
1115
1275
1987
480
607
336
1932
1334
1564
955
1809
50
134
1120
1910
1466
1979
158
239
1682
61
1636
340
146
1741
1997
1162
1216
1762
1876
910
676
1522
341
1548
471
1106
996
759
1513
1494
757
246
176
219
1663
1137
1101
548
1489
1585
146
1251
1106
906
611
1811
1492
1784
1137
478
723
1523
1006
1444
579
1875
791
1672
1052
63
603
1494
242
557
109
856
531
589
1618
1027
856
606
691
1828
1947
535
520
1847
334
1393
1569
1874
965
1636
1258
390
1755
1366
1076
1793
1670
702
1768
769
234
164
431
1327
23
1850
1904
1484
894
1537
1928
1328
1025
750
1442
968
1391
1748
696
2
1846
1990
1042
1774
1644
503
1661
1178
315
730
1186
141
907
87
1518
1588
314
1880
315
416
55
886
65
433
993
482
183
355
1395
298
784
813
179
932
34
1627
212
1347
1393
1799
1955
1474
1329
128
1077
1616
928
341
111
1347
416
712
1338
1701
1225
180
467
281
1915
968
747
1056
1014
1996
142
557
611
448
1445
581
1221
1504
147
1486
1531
311
633
641
934
1818
952
1839
1459
1621
1845
1664
796
730
1614
109
1140
1093
55
908
119
749
898
1055
1318
548
1508
1346
1455
1311
629
1927
610
1580
582
19
568
932
1033
820
1724
447
478
456
205
280
90
1508
1074
470
1925
1662
44
552
1654
1864
1113
51
1997
1533
1351
989
1453
61
920
421
1021
213
1669
1084
371
1696
1009
1680
1203
452
398
421
745
1100
716
458
571
470
1858
1356
1909
1009
267
850
876
1630
716
1442
1263
139
572
1667
1580
1221
384
1051
831
93
1067
1670
105
1226
1639
1561
181
1436
999
856
805
1563
1153
1176
902
1888
603
1190
1499
1839
1904
1593
1348
689
306
819
379
1715
984
420
1700
104
116
863
403
1296
890
1532
1222
1709
1785
202
1272
338
422
891
57
1484
514
1770
361
596
257
348
1941
63
443
725
1097
780
248
856
1434
123
1051
861
1076
977
1674
537
1231
1355
1922
1409
1358
396
717
1278
519
388
169
549
1425
49
780
1529
556
716
580
1042
333
716
1655
1000
125
512
927
1038
305
953
113
1726
1650
980
1051
791
500
1060
699
498
1117
731
1856
798
952
898
948
684
195
1330
241
1777
1528
1520
1230
1911
1698
1896
1383
1526
68
610
1789
312
1408
803
1842
1914
807
972
614
974
1019
1128
98
519
126
345
901
1749
1899
1190
969
1567
76
112
1688
505
54
1523
623
1876
878
1457
899
390
692
1676
817
462
1829
1416
1435
1508
778
908
1145
1742
1348
405
1597
1
568
1579
1920
1865
1370
284
525
1782
1606
1283
205
1539
1366
1295
1397
299
124
788
888
1035
127
1115
1062
1355
1646
1675
1322
398
45
1196
1134
622
1783
1493
629
1728
317
1719
1192
18
1916
506
1691
1660
1386
524
1825
1519
269
1988
1848
1693
1600
983
520
1706
1062
871
1648
595
810
1316
1578
1880
270
864
362
1559
843
667
235
1069
271
327
844
63
1744
838
1227
49
710
1143
711
828
1549
710
1065
820
3
259
626
1286
614
281
466
1501
484
1207
616
1525
1978
409
1336
908
637
1039
1845
791
1117
1481
1265
1612
844
1829
1129
1197
605
706
525
1834
1232
1907
594
1056
1872
1378
1704
318
1869
601
1164
764
359
633
785
1788
275
695
1851
1410
1961
1427
399
1215
1582
76
1401
273
1167
1730
242
907
946
1710
1251
1405
1368
766
994
1671
1134
236
376
1875
472
639
1360
1119
1272
1443
1275
355
1135
933
471
1298
1119
202
381
2
1688
1129
728
727
267
1065
1645
1224
1141
1992
99
572
1841
126
1937
1713
702
347
29
1343
19
248
1296
181
1415
385
798
891
725
1460
213
1037
365
1157
59
1409
1192
506
335
13
1701
596
186
103
40
884
1892
195
1531
1173
1724
1918
302
792
405
288
319
1957
1274
1005
1758
1773
416
1871
1481
1268
1934
1104
1430
1796
345
326
1167
1594
1740
197
1324
1504
260
1210
1788
1161
739
846
219
1517
1620
533
1840
240
168
1402
1178
1563
824
1316
886
1863
1910
429
1486
1991
390
194
918
1046
1669
1038
1263
360
815
92
505
1254
788
659
1336
1780
1124
1512
315
219
603
1445
1054
1287
1801
634
531
531
1612
1629
1671
487
1628
1947
165
201
1881
984
207
578
774
1299
252
3
1023
1947
683
997
340
1073
815
1935
497
731
1076
253
1311
1555
1548
1111
683
1856
783
1136
493
142
1556
153
830
175
244
678
1152
980
826
956
67
953
800
729
410
1166
49
1284
1300
1896
212
1094
733
1288
1062
758
159
1907
1979
442
86
662
379
1860
1708
1534
1866
1232
1418
1689
406
1079
1010
377
1683
130
1378
580
1340
1473
1786
1554
1385
1141
966
791
1602
1218
1
974
842
1574
1937
800
930
1442
960
1779
247
867
1716
1832
906
1183
312
51
1025
782
1340
78
595
1729
1338
39
1895
287
1263
331
261
884
1024
1732
605
1457
1945
89
1180
1212
1606
1295
572
1921
1076
261
935
826
982
764
68
1364
620
1721
238
1089
708
1432
219
1928
1016
1501
1315
489
1108
63
1303
1772
1063
1067
556
1299
567
114
678
1259
1637
854
356
695
30
1908
144
633
1997
1108
1906
1224
1916
1484
356
1669
1303
884
1721
442
456
1821
825
1593
1829
1516
248
355
1101
806
418
666
1842
967
1519
1900
1807
1663
612
1001
1994
793
1861
1910
1823
326
1901
1241
1202
901
181
2
376
107
1541
384
365
1231
783
801
1526
337
1469
484
1196
1707
1976
511
1164
139
705
724
576
619
944
1776
1095
1620
1992
816
79
1337
1028
855
1944
1344
7
421
1159
953
88
1884
683
936
588
1868
694
1381
732
819
684
752
1500
147
495
1916
1557
743
208
719
1671
156
1063
1436
1904
1717
197
174
148
1706
1220
234
1235
653
1842
1068
282
1014
986
1814
311
1874
1504
192
879
1207
1108
1536
1640
1414
1782
1993
1893
1257
1129
1040
922
73
487
10
996
99
89
506
1142
1018
1905
1737
1500
632
1477
1858
1452
274
98
392
0
1887
797
752
1075
1583
369
920
1652
533
1228
343
631
724
96
1975
568
6
1248
1378
75
29
661
1438
1669
1687
499
608
1040
1523
784
1836
1368
780
1129
1670
1301
936
1053
1404
301
1467
95
1788
757
207
687
360
625
969
85
616
1938
1899
380
1940
1374
177
1083
352
1570
427
1511
283
1797
986
1331
852
27
57
1321
1300
1718
1949
903
298
546
5
396
1864
68
828
648
624
1010
660
1734
906
1112
1475
1140
1004
1481
230
1893
1280
826
628
110
1172
1676
1602
471
73
943
442
867
1591
36
1504
308
903
1967
353
293
185
1612
909
1912
285
1742
1966
1934
418
1782
202
1112
375
1205
228
909
1594
272
1543
1010
1641
1637
613
1075
324
1572
486
517
1520
1122
191
1380
90
1099
741
1475
22
1390
564
527
1501
1972
1390
1500
826
65
770
1189
1910
774
1312
582
1605
1400
95
1135
1189
897
1679
355
1621
429
1861
1696
179
500
738
794
780
1748
1718
1896
1702
1653
1193
1439
56
942
320
215
1466
384
768
1961
548
281
971
1591
1268
1410
444
1096
1297
933
18
954
1213
197
1932
426
1258
1006
1308
1823
1781
304
1247
1854
520
845
50
182
776
1725
1727
1380
1762
1456
592
926
1039
273
1536
1290
866
1716
1188
1413
1044
713
496
266
1697
1797
1396
1588
581
12
1852
1742
1954
1893
1614
1840
1826
372
214
268
1829
661
728
662
37
284
1247
267
473
1877
815
387
944
861
910
1309
29
1280
1712
210
1937
274
1900
1210
50
1323
735
1469
671
812
1629
1168
406
1696
1199
1457
1974
1540
1412
635
393
632
782
1695
187
1302
1325
1169
313
494
46
1162
1533
1897
754
1032
619
1144
1345
1038
603
737
1849
133
728
1322
1172
1007
924
605
727
1119
406
1747
1836
1798
311
1157
462
448
932
362
1701
246
396
800
640
1688
1649
301
124
648
429
1254
473
426
1903
1276
794
1670
1606
17
468
1313
1240
986
76
833
306
1082
207
1637
605
1949
1762
1026
1740
596
1506
1298
1802
435
1148
1360
44
351
1024
919
1992
1941
1228
1803
398
703
688
1279
1016
1804
1683
751
1888
537
520
400
957
525
270
1509
1413
302
757
1488
384
1962
883
1874
1245
1840
252
1785
746
1365
246
1252
835
1394
709
1461
862
418
544
1580
1488
1310
1192
1907
584
1469
479
921
688
1479
180
544
1851
315
260
276
1826
1788
1248
409
671
1839
81
1779
564
1574
1857
1054
1491
591
578
417
1186
538
1552
639
1735
1754
943
1510
516
127
17
1628
1502
1146
196
335
371
164
1412
1932
1624
1675
760
69
688
1060
1198
514
12
269
1852
346
1547
469
564
548
71
1066
0
1097
951
199
1204
1759
751
223
1569
1108
1372
1066
1256
1105
1713
210
269
10
1929
683
1617
1979
327
1538
436
1554
1466
77
1454
1150
1092
822
1995
1661
398
1426
997
1398
1794
1785
1389
1651
1361
1803
34
120
18
1228
1912
1774
1236
325
404
680
1181
1411
883
425
1997
274
1324
243
1036
994
123
1424
1229
1760
1834
1900
174
408
257
319
1022
405
1637
60
4
1647
1011
812
787
1370
1546
1341
1423
262
1018
166
1272
1485
207
735
201
1561
1477
1769
382
1228
1462
1623
1773
340
1715
1288
60
545
769
972
680
407
1545
633
404
335
1920
1585
1338
337
381
475
1275
1584
1005
325
1504
253
1317
75
1688
1344
1772
845
1147
476
1234
156
55
718
1476
424
877
618
1318
881
31
1975
206
242
198
1384
126
762
1474
444
1828
1283
170
422
1902
1518
1716
752
1347
19
975
247
562
689
357
888
994
746
354
1315
1030
397
780
727
1755
1710
651
1159
393
1681
1697
1683
717
1005
1237
263
281
647
599
215
1189
1121
1616
781
1654
987
160
197
267
209
1675
710
149
1564
170
1799
1706
1971
1968
1915
47
435
1843
1364
272
261
145
1586
552
457
741
1454
560
1064
888
838
1860
246
1968
1995
1041
1227
68
1607
270
1018
1574
872
959
62
1580
413
1284
1693
1260
1863
365
1820
1387
1983
1594
514
1062
992
1048
1681
5
1666
1760
1140
112
189
1701
359
1426
910
884
520
277
828
90
77
776
548
1480
803
610
1107
1763
1933
1755
1253
1603
1275
190
632
224
684
1101
1605
410
1082
56
1586
1576
625
723
1425
1581
426
1432
1602
29
1189
1275
699
1522
197
873
1152
1816
1999
519
786
1421
1724
1170
312
183
209
134
1737
1513
87
691
1485
598
992
1806
1228
29
772
220
99
937
1225
1524
511
782
1818
75
1907
1500
378
1252
873
1225
782
1081
273
566
1640
438
1746
662
1427
836
67
831
402
935
424
221
1659
1603
665
123
643
1639
993
1622
630
820
1516
1388
1935
700
191
1727
249
1030
44
264
1267
712
729
475
1414
1311
1308
707
1407
1802
1355
712
285
1530
1919
1660
1783
64
476
1146
1762
117
989
1413
392
1122
790
1581
173
466
877
1844
1855
887
24
815
135
1146
77
1563
792
703
1170
1523
657
1720
1659
1949
1962
822
735
701
1908
1314
1214
1929
1504
46
1308
1673
533
9
1899
1299
391
722
806
396
1850
1473
350
88
876
708
1631
33
796
1482
990
497
1404
979
758
752
822
640
536
210
1885
127
1618
1433
688
8
1880
261
1480
1300
1992
1582
1230
207
175
1259
490
964
1880
1325
504
680
16
1386
482
27
1068
1292
232
463
696
912
1816
1807
515
1415
498
1709
1293
141
464
1426
1059
1369
53
159
729
1968
819
1383
949
930
1070
1499
1056
1364
1655
1716
1942
1841
1806
1410
1239
1035
1756
1658
1841
1666
1392
1813
1226
892
856
1079
660
1682
302
650
1526
596
1575
1283
1382
834
1483
803
1330
691
1534
1148
1098
1309
762
1905
677
1207
142
58
1364
1517
87
768
1568
1188
1427
897
866
1822
878
193
1277
1287
60
421
410
1136
1255
596
706
1516
510
449
20
508
375
959
1435
1614
1379
311
215
389
542
1590
238
1068
40
1796
390
1218
828
1912
323
498
1164
198
1998
1447
1692
327
1179
333
1733
280
47
1089
634
246
580
255
1953
956
1949
962
1799
490
1660
1336
767
546
1788
579
553
918
558
1801
988
874
700
1844
1297
1135
1989
1310
915
1572
1572
696
282
318
1993
1966
1726
440
1000
1699
1549
1003
1300
1123
630
752
1551
1874
1111
922
1082
806
1616
968
953
185
1483
928
1460
1871
530
1875
1112
1188
971
1558
1626
458
1551
232
923
1381
850
1701
923
1149
1605
718
428
580
1665
4
1483
572
563
1522
1064
1994
1401
1743
564
997
600
1583
475
821
1361
1728
1608
1005
1845
1923
335
405
954
1544
1945
286
1745
822
1967
1701
1010
449
780
943
905
180
1256
401
1985
1445
1303
854
849
158
1617
510
1973
311
1489
250
214
1989
1165
680
1081
1231
507
789
1434
1616
928
1656
1518
1453
1663
1045
497
1693
1476
420
362
1341
1297
1179
928
1022
872
1515
924
1476
1277
1642
749
357
361
1737
1921
145
1504
439
191
1773
244
82
418
1882
1908
1521
622
1372
1380
1170
230
161
1418
1002
1222
253
209
1246
1511
1160
229
616
1710
146
1616
1531
561
1079
1933
1792
1730
1648
1577
1429
68
484
1773
460
906
1560
629
455
656
85
380
1618
944
201
1546
327
468
1499
168
1617
81
1878
1805
366
105
1095
854
585
1945
964
161
1112
516
546
766
1503
386
1438
226
1486
272
1648
1674
76
1665
1616
801
773
870
394
716
1776
252
247
437
1047
138
380
302
1475
1475
114
1176
241
863
235
336
93
718
1208
1514
342
1186
1799
555
1172
390
1794
179
243
898
1044
276
1708
1533
865
1330
1851
704
777
66
666
1313
63
323
1843
1135
1535
795
1106
1015
287
1899
843
1853
1902
727
1712
1754
1259
1000
824
1401
727
1932
155
1922
668
958
313
1412
500
428
1498
403
219
1780
178
130
1386
1582
1432
484
1458
79
908
492
1066
370
469
254
449
1088
289
1003
949
821
808
1603
270
1928
726
301
1153
992
1671
972
903
616
1892
1048
1792
1620
756
804
80
934
1653
635
227
70
1803
174
1693
96
284
1202
980
845
719
1772
205
1997
1736
1333
90
389
933
1046
1052
1677
1374
1698
778
1885
1901
1023
1256
190
1067
1559
90
1415
1320
1045
1268
510
1825
1075
507
1931
598
545
1185
939
1057
912
1127
1836
1591
1460
270
863
885
1945
737
347
936
59
76
1007
1598
1446
1154
200
691
1548
1156
1847
1105
753
929
1071
1737
1072
1233
287
1233
690
103
1954
344
1361
1954
226
128
1867
952
761
1716
1236
1162
830
1229
1887
1415
829
1649
345
704
1237
1339
1009
75
964
1531
715
418
1503
1131
771
1429
125
368
803
1660
1961
1419
1495
1134
229
611
1159
1830
762
599
1979
1165
498
282
1333
1334
355
1374
1902
1041
1399
1743
1526
425
328
105
1050
1992
141
176
326
4
1155
1129
1115
1983
987
296
1188
1637
429
1915
1642
390
1811
1668
1289
1953
873
560
1645
1129
1967
493
1882
1844
1294
748
1966
353
727
1004
946
771
1389
1322
716
490
1418
310
1765
471
669
528
574
294
1372
454
1724
146
838
1245
1833
906
1654
1699
1587
184
462
844
1225
1364
1875
782
769
596
1649
179
1831
793
1972
120
1014
454
1980
1017
1490
1186
529
1122
378
1413
1300
838
544
1445
796
1168
1153
853
290
861
1776
530
1822
1523
1740
578
1343
302
1608
394
1950
1036
947
829
1788
1488
167
1073
1936
1730
723
73
1240
723
898
790
564
1964
902
1846
1334
205
512
1672
868
1565
998
766
289
1624
876
1054
641
585
1007
616
1365
1868
1297
1941
964
800
581
454
1868
750
1988
1316
1673
1921
1412
1922
1883
580
752
8
1326
33
550
323
438
1342
639
631
488
773
1482
1662
1601
1748
1425
1502
1244
819
1542
244
884
1844
52
675
1803
1228
1717
1877
44
244
1802
1905
1397
346
117
1351
534
534
1089
1871
1790
129
100
206
323
1374
1973
837
1882
1292
1286
172
1488
486
792
1807
1620
1173
244
564
1386
975
228
1659
1238
329
1008
61
85
85
338
240
1860
1885
567
203
376
1888
1831
1906
1198
1679
1752
1539
747
1592
863
823
1824
678
1336
519
641
1551
1519
838
1138
1193
883
1986
1964
1375
1431
1042
1264
803
657
1847
943
1543
1056
1631
1674
1563
1996
745
1364
741
1860
1276
528
1388
1130
1862
572
298
1723
141
327
1146
1173
1861
1518
1417
164
1461
1712
8
463
1124
508
15
273
1012
1237
228
1658
927
1536
1691
174
174
1387
1339
378
1965
1160
774
481
1674
1437
1442
1833
719
1705
1104
448
369
1961
237
956
350
327
955
631
366
1230
549
1169
1255
895
705
668
1780
1164
1316
1612
1292
1621
527
728
86
436
1578
1926
100
258
1084
1083
1479
1479
585
1310
460
417
354
747
61
697
1990
214
1879
1261
1150
1996
959
1612
936
1771
1094
1674
1353
1267
1300
1950
34
551
1560
427
1713
1073
1123
1054
1721
1104
169
1555
428
1336
1580
419
1958
1343
149
564
299
785
227
1029
1433
282
230
1384
1099
225
740
149
903
1313
1137
1228
264
720
635
1936
907
692
119
785
976
1846
1990
325
1830
1594
1933
1413
802
1365
148
704
290
1921
1518
168
701
1305
701
1089
581
944
1091
1101
812
643
508
860
144
1764
1289
794
1111
37
1634
445
75
279
1645
91
1179
1903
1908
1979
1053
997
1682
1735
1917
155
1144
1936
1460
786
1770
247
1144
1860
693
1155
939
1445
1663
726
305
1536
867
243
750
531
1080
1756
1357
1076
26
1629
1326
1602
866
619
1590
82
1960
1126
423
1935
533
492
305
222
883
1958
107
1125
1785
759
600
1082
898
1688
839
676
471
1512
1799
60
1451
752
1075
1095
1715
27
1568
738
29
1602
1336
1625
75
1818
102
315
1400
1930
1213
1479
875
815
1811
1279
1892
1088
168
1518
730
437
244
1647
1635
1437
585
1339
487
1743
1758
1193
1185
1021
1219
947
1953
246
1309
694
1184
349
772
609
1467
1094
446
673
1971
1296
221
986
1370
464
1139
1721
868
1252
1732
864
870
1642
1721
303
1118
995
1218
1866
1228
43
1679
138
172
724
1153
383
95
1171
1219
889
1424
1484
1161
1316
1575
1993
1403
1307
911
821
845
1337
1538
1925
558
1349
1483
1844
1797
840
772
311
1103
810
1400
1578
388
141
325
745
1143
88
1992
1556
1589
334
710
562
1943
274
335
446
1076
1903
997
416
882
1642
953
1735
1914
1233
1853
221
943
610
1320
1473
1882
458
527
1141
1149
1550
829
1632
1615
1598
1286
1378
1261
1372
1969
412
1534
1210
753
157
1596
323
83
1642
267
164
1472
780
956
1391
574
617
490
55
1261
1596
960
408
268
32
1692
1024
1766
1895
149
1377
1053
813
1677
986
764
576
1184
486
1249
885
667
1896
628
119
833
1106
1335
1256
529
32
431
239
1510
806
266
317
392
95
649
988
1904
1832
680
850
910
453
230
1932
1240
1060
477
1256
1938
94
382
1432
644
199
1853
460
640
1377
1667
706
724
1953
649
719
882
702
1613
597
85
573
1756
665
233
119
1927
1858
305
1794
153
9
455
1311
640
906
805
1572
1617
1097
1090
444
1513
985
210
477
1212
797
1566
1762
1146
217
1293
1230
1389
1411
1464
1017
445
7
184
198
1242
400
1411
1316
1406
1704
980
1872
873
328
634
96
174
261
1635
1948
180
824
715
1702
1373
1942
190
480
1948
228
1448
374
514
311
1479
310
1800
1381
1931
1857
1830
190
678
976
936
1417
332
999
1288
1829
271
344
920
1448
1294
625
86
1790
1577
237
314
795
1479
1100
445
866
960
1796
1115
977
1510
1338
1975
1004
1740
488
436
695
1418
1632
701
305
846
937
1097
783
266
656
1126
477
516
1872
1893
199
829
1342
1070
466
75
1211
1229
439
1847
1361
86
528
1691
680
261
1518
503
292
1229
419
441
954
1056
1661
377
848
20
580
485
1078
814
1257
486
1353
769
803
1490
1882
1528
1216
1329
231
862
637
833
213
614
375
832
1152
16
1747
456
1588
1413
1965
1008
1816
1274
122
631
1487
1067
613
135
1641
1340
1549
1528
1710
1990
1095
856
124
995
1902
1446
1285
1382
312
922
1848
1490
99
1393
1054
1480
1629
616
1670
933
990
959
1850
421
275
517
517
1139
1072
1724
631
1016
312
1195
1669
1408
1442
58
978
496
80
853
33
661
745
374
1785
214
1730
61
847
858
1436
848
1953
1567
964
672
594
798
959
1932
374
573
1017
163
1310
480
324
1116
431
135
956
554
623
1528
160
1618
1133
490
1094
1070
1306
49
1986
1471
1235
948
352
208
1116
101
1788
827
1668
18
755
469
643
958
1837
1677
1311
1584
1457
1777
150
1092
1986
426
1220
73
1020
1718
1953
495
348
581
125
1718
1668
1361
1878
936
1431
1319
1959
526
712
312
459
1396
352
51
1461
1088
270
1680
1860
549
1799
1792
1715
4
229
1083
1269
27
1613
1755
614
1342
1138
1488
858
1632
118
731
728
1639
56
1428
1098
761
1080
1031
1911
1595
1407
1689
89
1543
305
1228
1415
1777
494
1409
228
1745
200
1319
1622
1349
818
1436
1118
604
268
1848
804
241
393
995
1672
372
1084
657
1460
600
1825
1251
247
255
117
1498
1015
753
1761
1668
1708
228
258
776
1295
1537
1141
1129
1949
630
1401
783
1600
1032
1959
696
1948
1194
1017
1351
477
770
1056
442
341
1818
97
880
229
1273
1181
1748
787
483
1690
755
458
1059
165
1655
1114
789
688
1221
1636
705
341
274
403
725
1703
1424
212
197
1004
64
1442
1841
10
417
474
260
1646
307
525
30
1866
1001
443
1530
882
283
1219
768
972
1329
1691
709
149
1831
1168
424
1430
626
26
1940
728
669
532
383
1609
288
318
652
486
1645
985
1861
363
914
1940
90
1830
1366
810
1295
1237
888
664
1202
1632
281
1210
1225
494
48
1561
1941
180
1018
1070
1214
1023
807
999
1701
174
653
792
1156
760
771
49
201
1396
1114
42
1924
486
768
1752
1388
1874
816
1232
405
1637
929
1252
1062
1900
1814
1065
1013
1316
966
888
38
1714
603
1162
309
1463
1956
774
1641
892
1236
803
1624
81
1563
288
114
248
380
1322
1364
46
1106
1294
463
1309
1741
1678
736
1021
1812
878
1224
241
1630
176
701
878
420
1587
913
1454
1781
845
1620
982
1685
1928
1028
1220
460
1757
1315
654
870
1172
1562
1332
1364
886
543
1543
437
1477
1333
1748
1843
1048
830
269
370
1983
1788
483
1631
1842
200
1206
1275
1919
857
1419
1692
461
621
460
685
392
502
895
684
1977
1923
1811
1919
85
471
269
1065
1362
141
1357
1256
159
1736
1169
1355
1496
12
69
651
1193
910
1086
244
636
1387
928
701
1680
1090
1301
1395
450
292
1995
229
684
899
563
1616
1795
251
1510
1595
1300
364
1072
1396
1138
660
1082
33
353
216
258
881
1231
1131
1362
332
1943
565
786
704
405
1903
247
1701
520
1805
1206
1551
39
1644
362
