796
1475
1578
1903
362
578
859
1471
1892
758
978
191
1421
661
682
807
854
818
1457
863
1221
725
1252
586
1493
35
131
675
933
1861
34
1186
916
1088
194
876
192
1087
57
57
1269
244
182
1882
1919
763
545
181
1069
1531
721
1078
362
33
36
481
556
1329
1831
497
1386
325
1600
861
1365
711
1197
896
1823
567
1650
1724
675
778
91
1549
43
177
1612
664
1264
1678
1611
1787
1515
1474
425
1081
1276
527
1297
269
870
89
219
498
1826
1723
787
1217
584
1721
5
10
551
1440
798
1190
1049
151
236
633
1898
1421
355
331
1133
871
181
60
173
605
880
564
1375
587
466
809
1439
636
1624
1851
46
1452
864
956
1731
1936
256
113
992
48
1316
1031
343
1775
478
1424
1868
1263
170
1371
1217
1483
1800
1750
480
400
187
1572
1136
623
1035
542
1488
305
1849
1113
245
1095
1565
265
1113
228
528
1520
140
1760
278
1606
335
1277
1217
1417
1602
431
522
1508
1963
165
1057
1185
1618
1776
1249
793
454
526
1087
1343
1883
801
278
652
1339
345
778
1764
227
858
218
597
1940
1476
1514
1437
828
1379
1641
1204
821
243
1941
966
670
1301
759
932
1308
747
661
1869
323
381
1453
976
1798
29
1955
451
1054
1629
1073
554
155
1209
1079
1350
1758
1274
738
1053
93
871
521
323
160
852
1700
325
1097
64
1539
1654
720
829
1711
864
1102
214
38
168
1702
1153
1320
729
1914
69
834
608
1467
721
714
1033
1339
1157
1488
502
1942
1733
1932
1581
413
665
727
1564
107
11
1655
1227
1825
1989
1256
297
1601
1750
1853
947
467
1445
637
1153
1465
910
1462
357
178
877
547
364
586
1100
1648
1248
1821
1206
79
1412
1270
1301
1397
662
20
837
797
1828
1368
64
1021
1601
225
849
1694
476
1247
985
731
662
421
432
547
1463
1775
1065
1067
127
670
441
372
1454
1976
152
997
1560
1619
1510
825
1829
1665
566
261
454
546
41
1915
249
630
1645
458
1153
1705
1489
716
1501
1572
476
1761
1361
340
1395
1673
551
1204
1620
580
1641
967
1296
1133
95
114
76
1480
409
1186
1140
1802
1923
528
1204
1969
134
1430
1444
1299
1033
1863
351
209
820
1610
934
707
1649
789
773
1224
166
691
616
1203
1641
773
1861
1949
465
1078
539
1384
597
1496
872
1892
420
760
551
701
547
839
1453
1180
494
1433
412
616
1974
373
1913
1776
1413
1648
1322
55
1681
472
880
1343
1626
296
27
359
1607
733
1205
831
863
666
1818
623
1864
119
1472
1035
1589
1487
1862
1069
1948
1754
1700
989
1360
416
1983
623
1913
473
476
1099
909
1375
893
1689
761
1235
1386
783
287
1546
974
1351
1309
665
1553
783
161
689
1661
930
1538
1208
67
114
1573
1155
1614
1661
1392
93
1653
657
1414
489
1600
349
1955
1307
477
1973
1437
1806
325
497
1517
1992
421
1145
871
302
119
891
1035
1862
982
465
1937
182
338
1849
1468
723
1777
898
1735
389
1328
1354
1973
1324
1112
1433
1352
1692
679
881
1130
1048
661
1609
136
531
1080
1695
193
655
387
764
149
97
1357
1069
952
513
1697
111
1939
785
1190
1915
1978
1116
1926
1912
738
905
576
1177
950
1267
786
335
370
164
1480
1675
1422
407
485
1360
1447
608
613
893
498
1951
250
1852
1211
661
1366
987
744
1877
349
261
1483
17
1036
502
705
621
543
1597
1573
558
757
233
1100
1798
1638
1800
1693
1723
80
1143
40
793
456
796
1058
1447
1527
533
1745
1988
1541
861
1410
608
291
454
1454
737
1433
1787
1193
796
622
1817
568
745
1962
1413
674
771
1637
381
800
430
502
1375
292
1430
1885
1021
1706
1676
809
1976
1674
1809
676
1211
702
976
1186
1669
688
281
1880
816
23
881
78
1873
489
175
1688
721
2
1011
206
80
1128
875
453
109
725
804
1092
1805
245
1847
242
658
222
920
1048
1292
711
1342
814
1683
1089
65
542
191
1487
708
869
313
232
1282
857
156
954
738
735
218
1779
655
327
1004
1732
1982
1331
616
53
1805
677
657
653
1935
1481
839
827
1646
1362
1329
1829
455
994
1160
1285
1379
357
1754
1894
1211
416
1997
1023
168
1365
1881
1385
642
1044
385
524
1465
347
1979
1889
1448
629
763
827
1463
1719
921
168
1030
398
1337
1243
499
520
769
1064
1020
483
578
25
87
1477
1853
1535
1365
7
305
1256
1165
1813
1339
1408
727
45
546
879
1595
772
1274
652
280
78
1877
1343
997
125
1451
143
311
125
403
489
425
143
29
704
1291
84
1638
669
1835
1189
372
647
1532
956
118
233
740
379
1449
736
1403
415
1421
1968
306
354
1251
883
1483
1892
507
1693
1034
476
216
1841
1044
1881
461
1499
1768
1843
1160
851
684
953
1757
1341
147
1529
1266
178
213
1724
1149
1573
1001
803
610
828
812
1917
1416
424
1848
1188
1858
1540
568
1445
1001
372
338
125
1640
467
1453
856
1261
499
949
1593
1895
188
886
856
846
683
1407
546
1802
322
1049
894
1380
863
1223
1847
1889
1031
421
1792
903
1920
1161
933
1697
134
433
1637
1765
1817
623
11
857
463
1677
585
1348
838
966
603
416
150
1586
1285
1612
1170
1705
1033
554
1379
92
695
1211
1273
1717
577
336
697
548
551
659
1282
1987
353
509
1650
1377
1678
1901
884
1199
340
249
1958
337
1261
1275
427
1379
715
1563
1648
585
737
9
1592
802
938
1816
835
206
700
204
1680
1184
1836
665
69
949
1601
269
1865
49
429
1922
863
837
45
1355
1430
1385
839
1593
1635
1787
1589
304
137
1132
1587
1636
1752
1681
296
250
540
50
520
1420
1966
578
749
1449
564
611
294
323
1993
673
1810
881
905
1761
1214
1246
1665
1243
767
1205
1746
400
1084
1886
1061
955
769
1982
1037
402
728
819
643
221
1294
503
1652
1691
1675
256
428
365
92
1764
445
1979
1627
1184
1339
1792
907
644
793
1862
1603
1379
453
1823
585
1529
712
254
1647
1467
1125
853
556
251
1181
4
1209
1030
1222
749
128
461
181
1682
686
462
1472
273
1368
1797
898
882
1489
1521
738
1458
583
228
1361
1928
465
584
1916
107
97
1640
269
237
405
424
251
1019
690
978
1845
1677
1334
729
1294
540
1995
131
404
710
441
319
94
1933
981
1634
1185
357
683
1841
0
44
827
1089
1178
1498
22
300
11
976
561
170
741
1323
1959
1837
1929
388
1585
1977
587
443
1306
1728
1843
560
144
1716
1697
880
163
1097
243
1733
697
776
37
1729
713
507
1201
1542
601
1366
271
1267
1912
1283
27
81
1068
1695
485
897
389
138
804
349
245
637
106
1797
1050
283
1745
1136
1480
273
1344
731
1793
449
250
1626
1513
1904
1220
1418
597
872
1798
420
1170
1473
714
1064
1007
334
17
1547
1403
196
1763
1800
89
1664
1915
1915
106
1337
670
1496
1422
797
692
1966
94
452
610
1031
795
517
361
1716
265
97
303
537
121
1421
1339
1709
444
562
781
1830
728
1352
860
1865
53
570
1156
893
489
80
75
510
1530
1829
485
185
675
358
1943
844
893
1849
1447
473
317
1481
1142
91
1439
509
1808
1844
1789
436
622
1381
1186
709
1030
1560
1609
1047
1170
83
632
20
61
896
1157
1774
418
603
923
485
1536
1761
479
129
1685
109
1827
855
97
656
1033
443
931
840
72
1358
807
1544
782
1871
1916
1484
571
1171
339
587
1292
1500
1329
897
479
1004
527
922
1497
463
1725
723
1635
1604
1596
584
1730
1573
1988
1055
1870
745
830
1897
67
1133
1963
1421
226
0
829
378
1528
1457
1261
459
1732
388
915
1083
937
325
192
442
435
1658
794
1771
859
724
517
1092
1184
588
1766
299
744
1285
812
1386
1487
715
1666
691
133
1433
980
1442
1481
392
1312
413
588
127
1560
1765
607
21
339
1152
1897
890
25
444
1194
1432
362
83
901
1549
994
1522
1077
1561
215
1012
412
1167
32
1273
1312
1237
26
1465
747
1606
1544
1098
1478
1102
385
1945
1961
251
1335
1781
1152
376
1564
1756
10
1939
227
243
842
381
1573
1253
485
154
1435
902
604
893
1601
737
264
387
1689
1344
1662
1229
1978
469
1758
1205
1074
522
1549
1884
1157
1390
1040
1349
249
1093
590
1513
89
840
205
941
336
1893
1358
971
1989
1781
134
421
324
1285
1605
723
1353
693
859
1673
1421
1596
1982
1353
712
937
650
854
1696
1864
921
377
681
387
1268
467
1155
637
1909
52
1032
1385
1364
802
859
2
1565
389
1774
293
1890
369
131
1584
1934
1349
540
401
49
921
179
359
1471
547
888
601
59
1054
1560
906
216
251
885
386
1578
309
1899
789
1843
1844
1603
1077
1604
1329
908
898
211
1325
1859
22
1516
1224
817
734
710
1661
947
537
1270
1592
790
237
1410
18
1820
921
74
961
1642
1453
1072
1470
1134
1496
1305
1550
464
784
1677
1909
1395
296
1061
1321
734
1772
1566
154
1658
1402
404
1431
185
59
1412
41
937
521
316
1268
297
1043
1409
198
1157
1576
1574
1257
1333
361
133
55
15
492
359
1729
44
1685
1500
562
1780
1656
21
59
1124
1822
1834
1463
594
1415
1385
132
1147
1685
935
755
1242
1689
262
1572
1780
485
1013
562
242
1512
1121
635
996
75
609
1195
842
229
956
1760
407
311
553
1307
1984
1415
1117
80
1469
711
1873
1855
1348
175
1137
496
1680
173
904
986
1110
1041
167
101
122
1039
1537
17
333
1646
1466
1801
731
250
1915
794
1224
513
637
768
1617
1375
1385
1029
1105
898
403
1275
905
130
85
1705
1796
60
1480
1864
1477
1765
1272
1841
905
587
1900
729
266
959
567
1954
1647
1321
1698
429
39
343
508
595
578
41
387
1720
1334
1650
1772
1207
191
1571
1583
686
1492
1694
437
1261
888
113
1930
1362
677
169
596
1597
538
1021
748
1522
1790
774
1313
509
57
1690
991
328
1151
526
1175
1310
1285
430
587
1985
1310
806
1151
1594
322
1509
608
1749
1620
425
663
441
1182
1854
179
1899
254
1156
471
916
55
1243
1280
1824
1463
1497
1904
546
397
1250
1678
260
1941
745
1123
1665
1655
638
687
1017
1219
863
658
1169
925
1851
377
1164
636
1219
1848
1797
1518
1982
766
1577
430
1219
488
912
1877
893
691
67
758
524
1757
1093
1784
815
1432
1861
1108
1397
1509
1562
1893
900
1370
1377
1026
1106
1373
1320
1325
1404
1519
849
1440
594
1932
545
1328
1459
699
1145
1605
1526
1782
364
79
1418
1966
1703
1445
165
151
629
1130
763
590
818
1364
516
69
1284
900
724
1192
182
611
227
1163
408
947
1406
13
1977
568
85
597
629
385
13
1458
559
1118
25
817
1993
1802
833
677
601
583
1373
1132
1584
65
45
116
1375
525
1696
1600
114
44
1545
62
1921
353
1399
71
509
776
1737
1234
1136
1817
48
1001
1004
1545
1004
1905
193
1149
435
516
767
1045
1001
589
61
331
228
355
1255
1784
1620
1461
397
785
890
263
520
1029
146
918
106
1302
11
569
1259
1609
1511
601
1132
1912
1007
913
1237
308
255
1009
276
117
317
146
786
575
542
614
1962
825
387
1011
497
1453
465
478
236
1859
456
573
945
729
1033
1928
634
1151
1582
1350
1733
1885
395
387
422
1388
1093
527
860
9
551
1917
1168
1642
324
1280
905
241
1492
1743
672
1954
1765
31
91
12
811
1513
571
783
1913
988
1142
1429
827
1154
1014
412
833
254
1069
584
902
1548
1876
1800
1277
1982
1774
1864
1069
1982
351
543
828
77
184
35
1451
1628
890
1829
1592
593
226
1192
1851
1234
1686
385
362
336
1354
428
361
1492
1029
1681
1376
721
225
177
1584
1784
520
530
21
827
1177
188
1598
1329
1848
71
61
484
1251
1071
1168
1261
1210
1048
568
181
890
707
597
201
650
1000
1103
1949
736
930
1249
1995
1460
461
1707
464
1178
956
1549
1834
1128
921
482
4
1200
377
1100
953
1388
893
80
1270
398
59
1606
1329
1578
1382
1672
1321
316
1041
1736
618
1355
725
935
59
944
903
1683
1088
1429
10
1009
1331
1
1947
871
530
567
1874
1241
721
1651
1417
1309
869
395
1053
26
1784
602
1053
192
1941
1566
121
1885
17
1466
1257
656
1926
132
1380
153
976
1372
951
443
298
380
569
464
584
1113
222
1943
1589
1564
287
366
476
319
1351
1219
808
617
1760
1543
1766
487
1348
1913
509
1968
1978
1996
515
1008
1658
35
1031
734
623
9
1582
865
289
1898
1065
1096
1303
497
1135
1159
638
656
1985
1841
1064
118
480
1819
1893
458
885
182
332
1908
956
1489
648
454
761
347
550
672
470
933
1101
296
1022
1963
301
281
751
133
934
593
292
1565
949
1681
176
256
1166
1257
866
832
164
1944
1811
575
653
1893
1979
1498
1937
842
1046
785
450
1929
249
1621
1996
1862
677
1748
1777
827
216
682
1110
1637
1142
910
530
371
928
1975
1517
869
80
1961
682
467
1075
1637
616
404
899
712
245
505
377
354
61
1594
386
1403
1893
870
265
80
815
797
144
1639
485
1971
1527
960
1277
41
1067
1589
152
1934
1699
1582
1691
1565
176
1931
1688
41
1345
1501
1291
167
8
557
668
513
946
1341
624
326
525
1851
1944
507
1821
606
123
193
284
271
178
1214
26
1127
1240
588
1492
1699
173
1732
1953
469
1992
1155
998
218
1826
237
29
1102
1280
701
1848
15
303
1887
547
1965
669
513
1390
1982
1124
1653
260
1915
1837
893
691
1090
464
198
1944
88
1231
624
499
754
972
1048
743
1805
972
1077
999
67
1438
690
1625
1451
1375
1433
333
352
1594
61
1114
1180
691
1670
935
599
1659
441
1650
1601
1347
839
645
842
1720
1148
758
687
441
578
25
1315
505
873
1221
1156
105
147
1285
525
155
1313
1799
1767
1858
1410
388
125
640
84
1340
1451
1453
253
1969
514
1210
590
672
1920
1259
1129
1353
1544
1611
1123
1188
1444
1769
90
1168
1944
104
98
1394
1447
1286
1173
245
349
324
873
45
1074
1932
461
1732
63
949
1928
1084
162
1825
1097
68
1065
1769
1113
464
1000
1848
446
416
301
316
1937
757
365
1619
1212
1273
1603
289
301
67
1829
502
1084
1819
1652
1160
758
896
1197
621
351
1313
1563
870
659
475
1292
1917
1090
1484
982
1100
1392
1797
334
1088
1561
86
1964
249
668
1132
913
1
769
4
1232
809
293
628
29
1525
1815
1746
1901
369
385
601
1621
353
691
163
441
554
1193
1766
1069
1610
76
553
1277
1832
570
713
1224
1575
153
1020
364
1271
8
996
638
769
1467
409
485
1913
1796
476
1836
865
1717
1376
1878
1163
1372
376
1406
1858
337
1996
453
1319
1864
1125
1389
1538
214
1030
1993
1061
937
888
363
472
707
1978
195
1155
220
1550
1762
673
1958
827
449
1765
1079
194
927
1283
497
442
56
101
1069
1194
1995
1056
1547
1698
76
1228
62
1184
1604
1076
59
1336
536
1084
935
346
1143
1615
488
592
1862
707
995
1269
173
1163
1015
457
1199
607
206
524
524
1235
1568
65
1481
1385
1729
1390
1310
415
1765
909
1169
1007
1737
1521
576
1506
8
682
224
170
1558
923
1214
16
568
393
424
337
544
553
277
1478
1718
125
108
1256
1711
515
1456
1370
1563
1747
36
1619
1728
1233
1767
684
1849
987
1331
1029
538
679
124
187
484
899
1535
1120
1660
430
1018
1919
448
1600
1616
1888
1506
495
528
1294
1950
249
1148
446
924
1685
813
84
1264
511
1488
421
1177
217
505
1122
1150
1972
728
103
106
785
1008
435
1756
828
650
1876
212
60
664
1161
704
1439
1097
1650
69
1426
1468
1167
1499
1672
1651
882
1579
1608
215
489
1453
683
255
233
1788
1631
1140
1077
993
914
611
162
1537
1862
49
248
1240
1113
1200
131
1130
843
995
1853
491
1337
1709
490
695
746
1015
451
1676
1285
85
1736
1376
1693
149
1284
24
671
1727
1864
937
1115
1590
1014
1273
552
786
353
1596
200
603
1139
1395
1460
819
515
515
605
969
1816
1497
694
1945
1960
1001
1447
33
348
536
679
627
293
1729
746
1661
1826
169
923
1250
16
1583
176
751
1264
76
791
653
335
1196
979
1885
38
295
784
784
980
1545
711
257
524
1992
1999
352
433
427
89
1047
1365
791
1885
449
1867
165
193
173
553
1629
1289
1561
345
1024
92
1918
720
527
1925
1016
206
141
16
689
1849
229
1042
1936
416
1513
1619
1024
1256
1482
1528
479
278
287
1490
1598
1473
60
157
1828
972
1685
1406
47
1834
1261
872
742
585
1849
445
1351
901
1932
1328
907
1337
1981
24
877
285
601
445
512
1497
156
345
1133
1224
625
140
785
1735
1589
538
1517
96
1693
953
7
21
165
1067
1773
505
1494
1749
764
1339
564
1313
1828
1252
1947
90
1707
1906
116
339
1482
985
872
133
1985
484
105
1145
1577
1385
773
317
1149
596
1544
595
1115
1028
705
1889
1137
1673
1113
594
745
758
964
985
1024
1988
482
1257
171
1700
944
707
777
514
1061
533
1886
1326
557
1865
1153
193
1325
1000
1218
873
38
561
1915
105
1474
1355
735
1584
164
69
1701
1026
1610
1247
767
1968
548
271
457
1232
295
127
1669
583
232
208
1244
1395
711
1696
1249
141
789
949
1596
1038
1214
397
1943
1992
1967
1017
1397
1892
969
1765
777
1029
802
1923
1697
427
1727
1016
1353
181
435
164
1105
1191
201
23
1075
1404
1015
72
72
1011
357
571
1216
173
1766
1403
921
786
409
1495
1636
825
398
1355
232
1602
749
141
1510
1806
1693
256
908
1311
444
1821
921
830
243
1828
1163
1267
1366
956
719
237
1696
1725
563
465
500
1811
1022
196
320
535
916
589
1009
1556
1038
1983
290
363
1472
1190
419
1128
1504
1856
1835
788
1113
1081
94
693
49
818
643
1078
308
803
1709
1715
1820
657
448
437
761
204
1208
1524
1975
884
356
1512
1280
513
1970
847
961
155
97
334
1709
345
1357
729
1733
442
1346
108
1451
122
1877
893
1718
501
546
1167
783
1473
1778
1810
266
1287
971
1185
1864
414
1244
1177
835
806
24
1769
512
1683
1421
423
276
1199
529
448
289
1718
412
598
1702
994
524
1817
674
1695
481
82
705
1677
883
107
1117
730
1969
1240
559
1630
332
600
1586
1213
1155
386
584
1720
352
1927
551
992
536
509
1764
477
1364
495
1035
1301
1904
1653
221
693
235
160
926
1879
251
515
302
700
1424
1476
1428
1223
1674
414
773
467
1863
660
292
22
8
369
957
883
1850
581
1947
1825
1050
621
347
339
1715
1049
38
5
1380
1097
1727
309
1402
1441
328
1241
1413
1706
1461
1393
57
1412
56
607
1449
992
1377
1869
635
197
1587
120
1541
1365
388
192
891
633
1460
983
152
1743
1757
1626
395
1591
933
435
588
1619
1712
1265
1983
158
171
983
1763
1247
1272
1381
1385
1553
721
642
1640
1365
1171
233
1473
20
368
795
35
783
529
282
723
424
1579
1510
1137
642
211
139
419
811
232
454
1233
478
1445
1469
1438
1886
1754
609
233
1370
1634
825
1101
374
777
1059
442
1476
1190
1971
618
579
1047
1738
1774
889
1904
1017
1606
1137
1329
617
215
1269
79
98
999
1464
1919
705
441
733
353
446
1166
416
1037
826
749
1167
169
541
1693
467
1870
1100
675
438
1601
1700
145
451
1917
551
1615
1744
1128
1201
612
1064
1929
1612
20
1205
365
1799
1819
185
1136
1306
844
1657
1725
1428
199
1013
955
1808
1169
580
555
764
45
1105
717
1763
1925
1724
1277
207
1787
1525
277
1685
513
892
353
1668
1792
949
1024
1271
1229
74
1664
1411
1462
576
791
1734
1490
1803
1327
1641
200
546
1277
1399
375
1628
1605
1770
464
566
797
1230
1213
805
66
1376
506
1089
81
1344
1947
153
1154
1677
122
1484
249
1937
1334
452
317
1118
315
134
1211
1385
1997
1504
1727
543
1337
1943
273
482
370
309
1385
242
1067
1223
644
1028
757
1948
819
1916
1794
1477
1432
368
1945
253
1717
882
130
1811
1069
1824
1642
1007
897
368
582
1106
892
1170
1690
1253
822
1406
1573
1077
841
961
411
649
1072
217
187
10
1589
1295
532
276
1042
635
1533
427
191
1533
1627
885
1219
1601
1809
729
1216
552
1376
175
1241
180
1410
764
1771
1465
24
1731
1719
745
1120
1635
792
1764
1977
1808
157
1595
1807
1580
157
1129
166
524
707
1387
1257
827
1931
1256
892
1458
827
106
512
131
1753
1703
674
1209
101
1906
431
1157
1076
1314
1280
358
1109
1329
1176
1329
122
1184
1729
1347
1664
992
1081
1915
1846
437
1685
422
650
651
165
859
464
423
1565
471
1944
1125
551
387
1807
1359
1145
1434
897
453
576
112
1582
956
497
1267
1729
353
1562
1240
1553
657
1638
782
1610
1625
1675
1633
149
909
1221
510
373
1404
1781
1065
650
1239
840
1660
1333
955
38
544
1601
1861
1852
893
1394
1771
1890
251
1431
1267
1301
1969
1910
413
696
1841
1088
69
613
1253
1391
1864
172
895
1425
858
1434
1048
22
1813
1408
1828
1642
470
113
736
1635
1643
131
306
377
1183
1521
535
709
443
1609
416
406
637
772
1677
16
1808
1083
177
852
1281
1210
1605
191
1811
1447
1479
746
229
1128
423
892
771
1808
869
934
1081
1130
1594
674
498
1132
874
789
581
1888
836
68
723
107
1910
1511
1049
31
844
1326
180
479
428
675
1598
374
1628
1393
69
1257
591
1280
262
1722
1219
1859
1645
154
1394
1884
1771
1444
225
1285
1142
1091
1556
1544
631
1233
628
846
275
835
326
482
1094
684
223
276
1103
1961
561
709
1677
1584
1574
621
380
1901
617
1780
1154
1979
27
1140
1906
1911
751
643
606
1366
1526
624
1334
1386
1118
976
1417
328
1710
1195
647
1723
755
1085
332
1485
65
740
361
617
1766
857
1973
598
1510
315
185
643
898
376
1676
815
674
929
165
336
233
1226
1673
1318
1492
267
1523
317
1596
1844
1704
1893
729
459
1623
552
904
731
1942
1587
1996
362
503
825
1761
1645
775
1705
932
1222
1061
448
248
232
1378
677
1094
1540
1860
1594
844
1604
1970
1474
1892
1819
63
704
964
1681
243
124
1926
424
51
1887
1533
406
1357
1164
1053
927
1341
943
1361
1353
1814
1247
473
569
1477
1949
1323
1159
1925
1161
755
1427
1844
1364
205
449
90
487
1421
1982
1294
1617
953
704
1670
201
857
1909
512
677
572
13
521
1974
171
916
747
1869
1929
1065
228
717
89
440
902
13
794
1938
873
1337
176
415
332
238
1818
1958
546
443
381
808
48
1604
1827
656
1255
1536
1856
812
251
1043
720
1944
1509
1544
1313
667
1732
1513
1503
1326
926
1443
1198
165
738
1247
1190
1313
635
1976
1531
380
963
914
1281
431
1433
1759
524
377
773
1175
391
316
1393
1140
909
45
449
989
771
1133
1759
786
1417
340
712
291
1835
651
365
96
1636
577
138
1181
232
160
1362
1888
460
635
100
629
33
694
1749
1531
1147
246
732
1884
595
512
1805
209
1937
1817
181
352
1798
1121
1838
1473
1436
1348
633
47
980
980
326
82
1201
292
733
325
161
1721
847
1744
263
1296
759
185
1617
1414
1313
653
717
69
532
123
1705
703
1632
1616
1375
951
1453
1603
452
1901
1625
1955
1056
547
1013
1007
335
1336
483
1030
1550
1768
692
646
1535
1878
62
1272
1924
176
1315
1054
202
637
188
1489
1422
705
1737
68
633
1348
476
349
458
530
1421
666
1231
1656
792
1153
1916
896
1294
170
1636
46
109
675
1585
1134
1767
1769
96
1487
758
296
1614
1741
285
1891
962
245
82
1277
269
483
1958
451
650
782
1328
956
121
1973
1237
1668
629
1601
1481
1277
574
1093
734
1672
193
1249
1659
1416
134
1964
561
303
1735
211
1192
458
232
402
402
1469
709
414
1507
1932
1464
541
951
9
665
544
116
1340
1527
115
851
277
500
1035
1097
1206
1381
263
578
1679
1889
106
840
985
1462
158
338
1162
1446
1678
809
1156
248
1625
95
935
989
82
1963
676
591
1169
1383
566
610
714
902
9
993
58
435
661
497
1213
1054
67
127
626
142
109
1049
519
75
1407
72
813
898
817
1772
1028
1553
1363
1886
529
720
751
1817
846
861
102
1078
758
550
1096
1953
430
641
726
1963
815
818
1507
8
1580
1196
848
226
1708
1793
1760
1466
485
34
314
1690
1049
1774
825
1151
432
729
1097
386
969
962
1154
337
1008
1481
1838
662
1265
1310
368
1097
1121
1088
963
1754
1985
714
1997
1962
813
1147
625
181
181
627
785
1101
987
798
1997
452
987
738
1952
1183
977
977
1921
27
749
1244
1247
1406
1904
980
326
1661
1223
1703
406
1371
689
845
104
1712
1460
1641
976
1469
434
1827
35
1660
1487
362
734
281
251
694
556
649
1237
860
1571
440
1836
1872
697
1935
716
349
676
387
235
1064
1002
1348
1110
1880
1429
1198
368
800
1167
1224
1549
1917
1811
1685
801
66
656
845
797
1691
469
462
501
1936
566
423
1233
768
1857
1971
1288
1445
1669
271
853
1725
425
697
1803
313
547
241
285
91
635
1889
1544
44
1701
980
1565
531
681
225
1456
1393
16
1294
1980
785
1891
196
97
1507
856
1697
1609
997
331
1747
439
485
1110
1132
149
1097
1541
404
300
1220
785
1187
1933
405
1280
1297
1941
551
838
681
1286
1305
1083
1080
818
1727
950
1963
1835
707
78
554
1534
613
1151
501
853
1065
863
301
1082
564
802
1477
823
1507
1723
136
785
1884
1275
665
361
223
643
1871
1006
32
77
571
1718
818
1021
241
1595
1201
718
863
388
1168
1921
640
1896
332
1511
1477
875
1628
345
1524
1823
1157
1386
1809
123
1827
880
245
1109
825
397
1065
634
1133
1817
408
45
1809
1610
1107
516
840
559
563
719
681
1361
27
621
1291
1176
1038
1025
103
1665
589
1340
722
1945
789
424
1329
848
118
1549
1749
1057
265
1309
1242
1153
684
1213
1054
558
1661
1683
702
1105
1704
1881
961
1619
1777
731
1952
61
98
1116
894
1897
233
712
1933
1945
1865
1213
658
1347
1939
156
1033
633
1932
1137
1944
261
555
1003
1281
938
1135
241
1487
1067
988
1699
1430
129
1766
1523
49
1200
1128
1531
1881
1660
1477
888
785
42
265
57
1608
173
785
903
1915
1188
1762
1457
387
806
1676
956
470
481
88
513
1141
1957
1751
21
21
317
1249
757
365
93
899
1167
51
1530
920
103
927
23
128
326
105
997
1243
827
1442
1271
1590
238
1060
1904
1203
469
1107
1891
1616
1942
413
2
370
484
1418
396
416
7
884
811
25
1280
1729
1315
5
766
1908
1345
610
1133
859
1088
1616
1450
1010
1541
776
605
425
1928
790
751
1935
325
9
1266
1664
392
530
1980
394
1195
1516
638
1450
599
1449
908
113
1891
331
120
181
1219
1087
1595
1801
272
151
96
1294
767
1223
373
529
1574
1321
1575
35
547
452
144
979
929
747
578
146
1318
1702
763
1306
162
640
1985
1715
169
1839
564
1205
1514
1617
837
1568
603
1912
1025
1988
1634
719
1655
1850
1125
1713
352
821
1978
1935
147
284
641
970
329
596
1772
953
1298
1248
1004
672
665
940
1937
1057
785
730
1188
1196
274
491
129
463
1307
891
1862
746
1284
1776
336
3
1636
1280
1197
548
1556
195
1349
1234
1508
1697
1613
1346
433
204
1115
1528
1932
1113
962
579
1780
349
1221
1352
525
232
735
351
1033
1957
1565
160
1927
274
504
490
1152
1201
738
1536
1462
1673
1173
558
1537
1253
59
737
747
226
540
451
1158
402
1325
1581
773
364
1925
99
1340
1204
1939
960
248
1586
1490
461
1093
1180
926
1573
662
125
1996
1475
300
1040
1850
1409
341
329
17
483
1498
1026
169
166
1027
1316
1253
515
743
280
706
789
881
443
685
653
130
1176
1155
1947
1924
1566
1535
381
86
1078
282
1555
572
1355
812
315
103
1503
288
1928
502
1799
209
1742
1951
1859
687
1766
900
517
939
1803
1017
130
1095
501
1392
899
1234
1101
1689
1784
1561
1061
453
982
373
1568
1489
380
940
92
917
1247
1824
1473
673
1482
1632
1531
1802
1050
21
1097
357
440
1933
925
379
1784
1109
460
783
1712
977
849
1867
710
602
381
741
502
1993
1763
1523
947
332
1592
1938
276
100
1457
112
487
539
1891
224
616
1459
1538
1741
17
1653
260
5
448
478
475
627
799
811
163
1785
205
367
778
1169
469
875
981
1833
1749
834
864
1412
1645
1005
851
1767
1358
1509
1962
671
1969
1689
160
1836
1922
624
1520
1741
206
286
889
1681
1173
501
756
904
161
61
1356
1325
937
1860
1266
923
1896
517
332
342
294
1129
1669
1628
409
809
90
1810
1230
1099
1572
713
83
1855
1053
697
113
1720
856
821
1709
1804
1650
945
837
1969
1537
1854
1959
1509
1453
174
124
1500
243
746
701
868
764
713
267
664
1771
1685
286
1488
1383
480
1174
1792
937
1980
1370
310
1249
1976
917
1825
758
1791
751
976
591
1248
963
608
413
194
863
140
623
164
718
1480
180
366
1272
1760
1493
1646
1069
275
512
1846
256
193
1145
919
996
893
973
42
217
1037
404
754
338
1182
1438
1182
1802
454
1700
1369
1622
1108
307
620
1740
284
262
275
1966
1393
1296
954
1168
1782
1165
1024
1187
563
1678
1184
573
168
1075
649
1101
700
1372
1103
1431
1669
90
1615
1006
1979
1894
1817
385
1498
251
752
214
1474
572
1259
597
368
1033
1980
1219
757
580
596
1064
342
56
1524
1472
1888
1169
1777
1947
29
674
827
1074
1822
2
502
669
1028
324
1879
1895
1784
320
417
540
656
1260
59
746
49
593
1648
572
263
258
674
1322
384
539
1978
1676
883
730
1734
891
898
181
1766
1491
246
1604
978
534
1907
1644
1912
33
1971
771
1976
490
505
1790
1424
940
1175
605
273
1517
1139
145
1089
355
917
666
482
1644
896
729
1186
1988
1539
236
382
404
489
743
1314
1181
337
1354
1141
997
908
586
1061
683
712
1347
970
1604
1000
1115
913
1400
920
1887
921
1376
333
867
685
463
1711
1341
1569
773
1961
1152
1845
859
1793
805
1745
51
105
1010
1061
1863
1640
1962
860
1214
238
562
1722
278
1440
1467
1179
1925
1481
941
1315
1909
214
1624
352
884
1907
556
894
197
1689
1905
468
313
459
596
173
1066
1114
288
1481
1298
194
329
1028
1251
427
1773
1417
1798
173
947
581
191
543
1245
105
1454
218
1762
1968
976
1361
855
1209
75
800
1916
303
484
984
457
520
1948
1111
130
77
643
909
1637
996
801
1717
1755
1136
1532
1825
1888
505
1883
1226
474
1485
468
1009
109
691
1815
1003
1136
827
1333
624
707
37
987
496
923
2
1722
137
420
905
41
581
1113
1970
1737
907
1521
1077
554
681
1493
1243
684
1403
1016
35
1805
1555
1871
1677
479
581
906
1921
960
67
731
1668
1805
814
86
1513
1556
1882
285
1248
1443
851
662
1344
291
1971
323
1084
700
984
1527
216
1096
1212
1262
943
1655
1735
1393
1763
47
1849
1862
1293
1193
1833
1310
496
308
489
752
1053
1907
154
1785
1413
306
214
1313
10
185
154
469
1065
1839
1675
427
731
1187
1946
856
1851
1736
956
316
1308
1946
1939
418
1705
1692
189
748
696
1770
1494
642
1106
1218
1045
1869
1604
1691
1351
1745
203
1104
48
515
195
1251
773
1925
1509
172
333
216
1483
270
731
603
114
1664
1106
614
1268
1
1370
28
1345
749
685
1243
1392
1609
1461
1092
349
1370
197
1502
1706
1230
933
989
595
163
1580
299
1841
1536
1369
490
850
217
483
791
1751
1031
1015
232
775
1249
1065
441
920
1718
456
1372
1063
786
985
1696
713
289
10
1806
1363
1972
632
480
1541
92
1550
1450
347
1048
1785
1182
1148
1979
886
1708
25
109
1974
785
613
573
1053
1976
865
621
1642
537
373
1796
416
154
1217
1474
1867
1253
1738
81
1301
1853
1854
292
1807
1645
1380
374
1931
1145
465
219
219
1011
528
1577
35
591
600
1578
101
1011
772
1803
233
603
1384
964
763
749
660
766
1729
569
691
1165
565
989
1645
122
248
415
1211
1536
691
312
1537
232
1194
95
1835
1725
1151
1475
536
344
1683
931
327
1592
1688
1193
1214
1993
970
1399
459
1088
1747
649
1694
571
1965
1392
1865
1425
1799
1428
411
731
1354
1961
1448
1371
1553
1177
1952
716
1395
1962
1899
1667
1933
493
997
1359
1055
626
961
1484
204
421
156
1147
784
1174
106
144
1629
1814
170
1406
1400
1103
125
1187
137
909
1140
1637
1964
1703
1582
1173
69
542
33
1713
377
1318
329
902
1147
1891
571
903
1699
1172
1748
571
664
1781
1674
569
637
542
1820
1458
866
978
442
1934
1721
1330
371
173
812
1804
1199
1985
1546
596
674
1984
1323
209
785
1145
262
1369
160
416
207
198
1368
1396
980
802
1443
1035
716
482
724
454
275
908
745
1994
1570
73
406
386
169
1491
1138
205
450
922
610
1554
192
995
1589
1170
177
1514
97
1895
117
395
707
902
1169
1146
755
409
59
1678
1673
69
1012
1423
1825
650
1586
130
1043
773
1947
1097
1699
1666
851
1835
873
1178
1208
1946
1847
1304
950
1132
533
1436
1313
695
1859
1637
794
818
222
991
7
233
1541
780
1969
1547
1860
1736
527
1234
530
1153
1489
827
358
956
1280
383
1457
931
1061
1715
1373
1194
1591
1073
26
542
1888
14
1416
1981
1803
531
698
718
117
1848
169
1546
246
794
3
1784
1577
1496
1609
717
710
400
987
1690
217
501
768
1674
840
1517
1196
1677
1960
1795
1465
409
86
929
730
425
465
1873
1545
1960
1698
1723
537
393
796
1739
1357
1730
98
317
393
776
1162
864
635
955
56
1288
23
1975
1605
1085
502
839
1762
502
1407
1146
23
41
936
1667
512
371
941
1128
699
1974
1729
758
303
546
1773
1593
1281
1366
834
895
1133
1534
1243
1262
180
1805
307
1050
701
377
863
904
1826
860
1751
374
389
1622
458
867
59
1734
1534
446
1316
1390
1961
1559
1063
1148
797
1232
26
1976
1295
297
1340
1646
1183
1403
1358
1625
1541
376
1275
932
1509
795
1473
1153
1498
1921
156
267
561
279
417
721
82
801
929
817
1790
1184
91
94
1951
189
764
1325
1121
509
301
280
823
1813
371
1657
461
1973
686
719
245
905
82
1321
97
970
162
324
1627
165
1099
1499
1277
138
1713
1668
34
489
268
1106
960
1223
593
1456
1457
590
287
236
1745
221
103
1393
1069
1730
1947
540
1267
1841
1877
310
537
1093
345
858
158
888
1319
1541
1481
1055
186
1812
1014
1771
357
1700
440
810
146
1222
1881
1609
1529
1411
1522
1669
896
1014
929
124
369
1044
1112
1904
557
559
713
1328
77
1834
535
1149
1725
1592
1195
278
1568
253
1423
421
1979
1952
1652
307
1783
1786
1325
755
1514
1440
8
69
1275
1729
778
1793
1355
1249
839
395
1644
926
909
1483
15
269
1003
1323
1456
776
1878
1020
1389
1845
1580
87
956
1443
882
90
80
1161
221
1317
841
291
1924
475
596
104
1594
1693
1241
135
432
1582
1230
183
43
488
928
625
1864
593
89
1606
211
584
1687
1319
1788
1352
261
963
1415
1588
14
848
530
966
814
556
6
351
705
1513
1559
397
1296
631
1509
1061
1986
601
658
426
1566
640
1213
554
1229
1911
1646
1965
1978
1179
1256
1657
1969
1598
1453
570
261
1912
1048
778
1462
1671
1625
409
1561
1109
826
869
1966
1603
131
1064
916
278
1913
550
1673
713
1584
897
726
489
1396
1610
1777
328
1992
1487
844
360
1374
149
1565
969
416
921
538
1390
1253
694
1478
474
1523
1427
1500
1138
1358
347
417
1354
205
729
1097
1889
796
859
1877
789
1718
828
653
842
953
1281
1400
425
368
1852
1573
1557
117
568
1084
43
179
1484
1708
1773
1545
97
234
1849
1945
1219
1
691
1551
1393
1629
1915
531
1800
109
1361
645
845
928
322
1592
217
796
640
237
1245
1510
58
1644
1442
86
1492
432
25
1110
1483
1075
1821
854
1846
1217
382
67
1255
259
457
319
187
1211
1118
308
952
1896
1694
825
788
255
1903
1713
951
111
1237
1815
1373
107
1216
1955
650
1365
1859
1612
1805
652
797
1585
265
786
1249
400
694
726
122
1236
169
1337
1993
1586
216
1094
1601
1997
1658
1622
1943
380
602
1130
1549
207
1481
646
1113
1859
503
1137
593
569
1267
469
1083
1267
1733
579
83
498
1738
865
1228
689
1326
891
1317
376
740
1008
1788
646
1295
141
1343
169
1346
1258
1011
1551
1134
1779
1978
722
1504
1981
995
1589
629
662
1002
1007
612
752
224
1539
132
1481
1917
1900
1604
609
1281
1989
1152
980
843
1664
345
848
85
443
58
273
693
1057
383
1601
107
1821
1269
297
1443
1780
761
853
1808
1955
1991
286
1297
577
1788
1840
1506
485
1717
568
1113
888
4
1395
256
1560
777
218
1009
1337
1889
1402
1644
1864
1408
139
920
1249
1976
1492
833
404
1418
919
565
1216
884
1865
1220
1273
1254
89
580
574
321
266
212
1777
577
490
1457
704
776
1392
1083
286
447
688
161
1680
184
1347
109
25
1813
365
1019
1106
762
938
529
1434
1118
223
1468
869
1984
251
377
1109
37
808
1723
1434
1948
1130
228
1605
1784
592
388
1219
697
1116
302
902
1901
818
1451
9
1477
1499
1386
464
859
1775
819
656
1801
1226
489
1129
1019
1083
639
894
419
295
361
1474
294
1588
1707
1853
1721
604
1091
1637
1389
1538
719
183
173
959
681
210
1416
785
219
1052
538
1515
1201
871
736
388
305
861
155
1860
1896
656
535
639
1530
1223
1509
606
1700
28
1672
268
164
350
842
1037
345
154
1833
1171
1547
1756
445
858
49
1355
662
81
1656
1681
753
224
707
381
1800
1589
1821
810
1058
1167
512
1367
75
1752
261
1139
27
1025
1789
1633
909
649
654
80
694
1700
718
548
1629
1553
1526
904
98
1048
1009
1868
1125
1089
682
1897
1499
964
1592
779
1894
1961
579
105
1797
1041
1925
1294
1595
1829
581
1031
1254
1208
494
745
448
455
1381
603
1970
1875
1942
1115
1794
1811
56
515
251
312
342
1302
1661
759
595
1216
1503
705
1099
192
399
693
1634
827
1264
656
189
1269
1305
1746
1835
745
458
947
965
13
1671
1194
62
1037
60
583
704
58
1089
1677
1157
437
1105
1077
509
1841
392
604
1787
1944
241
1568
49
605
1325
1981
1745
97
266
540
811
1293
1301
1001
854
785
277
1595
1475
778
67
1339
301
605
1541
457
1285
76
265
1073
1037
33
152
1366
1217
315
472
812
1731
897
266
1735
611
1856
1229
390
1597
962
1431
1404
721
1616
116
1967
1601
1733
413
480
1352
1349
1501
1488
112
1017
1068
717
649
537
1037
860
354
698
713
792
46
1222
1127
1795
1187
222
79
1023
1375
1120
1890
1022
1592
1175
1194
1004
17
998
1945
238
1796
158
697
1777
633
280
1267
149
1797
1823
1105
1860
781
1956
486
246
224
997
28
1186
1595
1002
683
795
917
136
257
1919
944
1755
1147
1649
1229
824
1920
1024
132
410
1615
1103
179
15
147
285
132
773
593
1033
902
732
585
340
1500
221
1607
1277
864
1028
905
1229
386
718
1314
1689
1421
521
1267
214
1236
1539
1973
428
1453
154
503
458
969
1437
1711
290
1337
131
1349
1594
1722
1446
1881
1427
161
1845
120
462
1156
309
818
1217
725
213
257
300
1897
202
970
1986
885
759
1690
1525
772
77
579
1968
1645
836
1656
637
419
682
1033
1328
1369
1753
1022
1818
1869
225
1917
1461
345
1991
408
909
1083
670
1912
1012
130
972
1472
1025
69
512
859
134
268
1810
1649
1852
137
242
849
896
826
994
1631
1196
357
1666
850
1753
1741
722
1109
1768
581
1219
640
121
981
387
818
92
1366
1126
865
141
1377
1459
725
256
1443
350
1584
865
444
1985
1949
1923
401
443
1105
289
1681
1499
1233
1721
395
325
572
121
1627
645
908
1113
1732
1048
328
1120
65
478
821
1089
794
960
1153
1496
1881
625
848
1332
1855
1947
1350
619
1583
1134
328
1515
1863
1112
167
1465
1811
501
1712
848
1828
884
1487
1296
482
699
91
1844
1341
357
1541
1382
261
149
853
1953
1361
1417
1504
942
1396
149
345
1664
425
269
1939
1634
1205
1902
83
1790
64
50
497
1619
869
1473
1827
1299
694
1791
572
1568
94
1748
494
101
1510
770
486
1070
1895
59
1816
923
1904
1113
1975
987
1799
1958
233
1837
1600
401
1863
1269
706
297
731
397
1880
1130
649
1932
664
1768
1651
1164
1001
941
1141
1629
1352
1661
130
673
1325
1108
977
746
585
404
763
195
855
620
336
1357
1248
731
163
1472
1877
426
384
817
427
275
1043
895
1332
1773
1899
461
1277
621
1317
1840
1275
157
1409
190
497
1542
1372
30
1223
30
1489
1747
1153
979
1793
620
1364
635
494
260
1217
929
1273
844
79
752
1645
1342
1876
1817
1413
361
1326
97
1197
635
25
564
297
1032
1433
1683
884
1566
1915
1402
1924
4
336
1110
243
1521
285
1896
1678
673
529
1351
1100
14
119
1555
964
603
692
761
185
1956
107
1451
1410
1010
1133
766
165
1811
1415
84
368
811
758
191
149
1269
528
629
593
1656
998
1787
1128
1104
1943
1525
1851
13
295
1233
1895
1076
1235
1305
1198
476
146
415
882
215
63
1341
375
664
1630
242
362
42
1097
1736
1531
92
1929
1329
953
673
235
1112
442
725
1705
1871
1176
928
1564
673
480
971
264
756
1236
1461
1048
1104
957
997
1467
319
1101
284
1482
801
775
1250
1704
562
1217
1925
1745
124
1288
1904
1163
675
1886
695
144
951
37
872
821
191
1398
1785
1168
853
636
654
806
866
1853
1507
1885
616
1665
1086
4
1095
383
763
1997
1979
892
1939
1654
166
1421
1274
133
970
803
1100
1307
908
1894
1816
120
1050
1307
1536
1780
1594
185
852
837
728
1613
1944
1024
1754
1024
1049
377
36
1157
982
37
400
1765
416
1050
331
1316
890
537
69
1673
1668
1198
1979
201
38
468
790
1499
1649
1013
1675
440
986
1348
1622
243
1344
1779
1322
1513
922
1797
386
875
1361
1971
1771
1977
1659
1115
1173
43
241
61
1117
1318
763
1941
1564
1467
1305
805
497
976
1578
498
111
1756
1467
224
986
524
1378
342
1529
500
1209
69
1583
645
223
434
1705
1206
32
153
888
363
1739
1001
1990
58
1433
1872
728
1441
1525
1703
969
1349
319
1244
839
83
321
1909
890
1310
280
692
1600
161
1027
1661
1796
268
1056
351
1142
1462
1109
192
1097
1218
1133
512
1147
1705
1945
1661
833
596
1862
185
317
728
1126
320
173
1911
697
301
121
1082
144
469
1286
211
295
70
312
1491
511
477
359
1969
1989
1854
1884
1940
1622
1078
1286
358
973
14
1210
1621
207
388
751
1028
1834
685
185
1464
1466
1908
380
34
1485
929
863
704
321
799
1018
1706
792
1555
1901
157
1842
1021
1851
263
1889
997
168
1236
1185
1996
1607
434
109
1145
1232
1684
1759
147
359
1736
525
355
839
1411
1921
1449
385
1349
1366
1184
905
591
1431
461
1224
1493
1156
671
1032
1269
1642
717
1657
387
1881
457
881
1718
814
1501
1435
477
164
198
677
958
456
418
857
896
1891
224
953
731
1239
243
1377
365
1516
1539
1456
1520
551
942
153
843
414
1013
783
1278
1782
1381
307
1995
681
1216
744
803
1430
7
1615
550
1130
1837
465
486
417
640
1811
1135
1650
469
225
1555
357
1750
552
1029
1021
1217
656
532
1105
598
1856
1480
114
1315
773
869
791
1888
741
1641
1828
1310
97
104
1032
1910
1869
1049
642
1919
1072
697
275
1770
1446
1485
1320
993
279
1268
1038
95
594
1296
70
1917
763
1505
452
1624
1386
979
1790
425
202
1706
901
1478
377
989
101
1162
1040
144
658
1337
281
339
1844
1186
1671
1691
1220
1577
785
1185
791
1550
505
1985
1992
728
1609
1399
1219
1736
1243
1502
1486
1544
358
583
731
1880
144
211
428
1853
1696
1883
1499
374
1609
877
1668
443
561
1979
1614
1459
967
985
55
1384
1928
1741
741
1244
1105
1840
35
1642
377
397
1376
163
573
824
477
1083
545
986
1523
1030
355
787
627
741
1321
115
1827
672
316
1305
1777
425
371
363
963
1792
1146
516
1066
1479
130
1557
1639
690
995
1539
653
198
885
1340
1386
245
1703
1225
1430
1484
481
201
1061
1847
785
1649
300
1272
1938
1356
1395
1231
1981
559
934
350
1177
512
901
1545
1449
590
1851
1144
964
29
1941
3
700
1162
848
1271
85
1243
437
889
379
1211
1038
1225
996
1020
1917
1475
1339
311
1229
316
1685
1652
1805
187
940
1033
500
1355
1385
782
1037
192
749
544
1150
192
1086
113
1351
396
772
1723
157
948
824
1705
1349
1499
48
1889
305
249
253
1801
1289
905
1177
699
530
1418
698
107
314
1325
635
265
1302
1982
159
1826
1466
538
793
1924
1322
107
257
1205
1294
116
713
620
396
1700
30
1433
63
1409
1403
961
1461
732
1787
1264
725
225
1701
772
1317
254
1308
457
712
1464
621
946
1637
1881
259
507
1994
1818
432
201
894
839
1247
1990
1267
336
569
1147
1260
625
1448
828
1442
1065
1742
539
1329
835
149
763
455
1168
1400
1007
892
1040
1989
506
653
1537
1188
1521
1001
707
738
1253
597
215
202
1205
584
592
1223
767
832
1132
1752
1757
1219
353
875
601
65
268
323
1193
1329
1780
717
1435
1248
1165
478
1624
860
1888
923
1669
833
859
1542
1584
214
1386
1417
1214
5
1504
847
900
90
621
1757
453
1926
1466
1700
21
188
1503
1665
262
1134
123
925
1825
1313
820
406
817
1591
1904
1759
665
1489
109
1939
955
1550
1810
495
1174
1893
804
1800
959
1415
337
327
163
111
564
732
524
1874
429
285
1556
1477
1169
81
150
384
678
1979
1833
1953
114
157
1898
1706
877
561
35
1635
916
1523
910
588
1489
272
47
1483
510
1967
783
496
1331
665
1159
1558
495
1494
400
1751
1453
1753
1706
1438
697
1984
62
171
1115
855
1387
683
1121
1990
473
1348
1379
602
449
213
1865
1741
1789
27
654
590
573
1075
421
400
1572
1614
1763
1404
1077
56
1481
1013
1578
22
1330
1726
1519
301
756
1526
475
1928
1547
814
1205
313
110
1924
902
1375
786
1765
490
1043
384
994
1911
1433
1322
441
961
280
170
1617
1074
1936
1847
1234
1527
1753
945
1521
1757
582
1720
1258
555
1091
793
1748
32
1081
770
535
1692
1156
1124
1840
835
462
896
1175
576
30
1763
1223
808
1908
185
1105
1059
1401
1219
1890
1522
1824
457
801
1253
1798
1453
389
630
1482
297
1219
139
755
950
364
706
106
1733
233
1720
891
1313
1356
1833
1610
1318
1925
633
1700
109
1391
31
1282
253
1889
63
141
1768
1188
740
489
1708
551
1415
183
927
1011
417
411
291
1435
384
1776
1430
1811
26
168
1053
77
148
450
1914
597
1587
781
1750
616
1140
620
1958
147
1179
683
841
1997
576
1575
174
1742
196
1800
121
977
916
1016
1142
1647
116
1035
1947
1512
1372
106
1568
22
757
257
1932
847
229
47
1733
1587
1139
1442
1972
473
338
1602
539
576
899
758
1168
1049
208
1802
1639
999
769
1353
1057
1500
964
981
1309
1988
1967
1040
1068
1753
1833
1592
1086
1072
1207
331
949
132
1355
1577
953
278
1770
344
877
705
991
1389
111
837
713
1172
1004
344
1645
1375
1194
800
1577
1081
150
1571
161
1059
35
176
1523
1051
1593
711
951
1635
1369
498
830
1343
422
416
1275
1353
187
677
489
457
1232
560
884
1744
1985
707
396
1259
437
1459
116
28
192
217
1833
1813
508
697
381
31
920
177
653
74
701
1345
871
968
973
497
955
1580
1627
1928
421
324
1592
1326
1950
1658
850
1697
1940
374
453
185
1765
853
1189
1377
1784
752
1845
143
538
1051
1565
1753
1433
1447
1009
1883
1365
260
1622
320
17
792
1537
1140
1167
1997
1433
909
1538
500
1448
969
1831
489
962
30
1359
1241
392
749
569
680
1904
1380
576
361
1320
1082
261
1226
1537
84
29
312
173
233
1706
468
1321
486
1332
650
639
1934
1177
473
290
1245
1136
194
1741
1475
1677
1804
343
211
1003
1099
29
1791
1237
221
705
626
1404
1428
1940
312
97
209
1253
704
815
1780
1183
20
370
1555
1228
749
77
1887
115
477
365
1165
1281
1846
993
1875
647
853
893
198
818
783
705
285
1181
704
563
666
637
972
1609
1642
961
1817
336
1467
681
620
69
526
1613
1910
1168
804
1202
254
1205
1042
1001
1082
1518
1660
409
8
916
1653
1649
1948
612
1753
1770
30
25
1377
1586
1257
629
1019
1124
651
876
123
124
104
1186
226
1962
899
571
1257
1699
915
1232
1568
1780
1840
556
116
800
1145
1595
67
194
554
1575
275
1697
1282
331
1916
433
509
475
347
544
1977
1865
847
1910
106
1736
1074
1443
983
668
1446
1805
332
758
3
21
1335
1253
1524
1619
1106
1155
794
836
921
368
888
1506
736
405
421
1264
721
656
1297
886
347
652
1238
866
1
1845
1127
1481
1096
497
628
162
901
675
181
827
1754
859
1823
1918
14
748
1342
1183
1189
216
1764
1009
793
1277
146
1151
815
307
483
403
1398
1432
569
1434
912
1481
497
1177
896
209
1975
1936
704
1820
1316
1809
1394
1214
1967
1594
1370
1630
338
997
673
1887
61
1561
193
1459
1621
601
463
1451
1631
1524
1128
1305
65
695
721
500
333
1852
237
978
853
192
102
1761
1431
539
475
748
1885
1235
836
955
261
1580
1405
419
112
1300
864
1844
1573
1560
148
445
1357
821
1643
1769
173
676
333
248
1504
973
744
840
481
816
1153
473
1206
429
1915
139
1720
1204
1704
1411
1298
932
1685
1853
1647
220
1621
481
1763
664
831
26
413
263
189
297
318
1949
434
566
1726
1659
22
338
1976
1005
344
1456
894
929
1025
1753
1901
367
956
1109
367
964
1243
417
1526
1137
1769
1945
599
410
1701
1573
1274
1320
1262
724
741
1525
1736
950
1501
985
733
1246
830
563
407
436
89
981
699
1940
714
1316
1619
617
611
1742
35
840
1091
1232
645
649
1217
305
1897
934
225
1502
1514
984
773
1977
1505
1613
157
515
1640
324
1939
1542
377
521
1763
1897
569
1638
538
137
97
1405
467
1217
809
1360
1504
1360
1153
1712
1503
473
1091
741
203
1136
1717
