1515
1736
145
144
1059
845
376
1757
1865
244
1769
870
385
645
745
1978
1077
59
6
1532
1906
337
781
333
180
1364
1475
1348
1417
1539
825
1260
560
848
881
1949
1943
132
1480
781
238
949
618
1597
390
398
1402
633
1349
1829
1326
1731
173
1056
400
360
1100
1124
1625
1112
589
406
1121
626
881
1747
1997
27
1789
665
1147
1089
685
657
44
974
704
1165
1070
503
1308
1323
526
1650
194
1766
1015
844
1689
1012
61
459
744
353
1091
911
601
999
1133
1821
604
1888
1725
1415
1839
989
620
1337
1231
1413
888
335
97
147
1012
1509
1317
572
1146
430
381
249
1037
767
57
1601
464
1426
594
659
1857
319
193
1601
1089
793
749
171
1423
521
355
1329
1367
1352
1084
762
1091
462
622
1634
1550
1028
1952
1854
781
842
1741
521
160
1816
1271
1687
1216
1120
1417
813
832
1893
798
1256
303
1986
669
1639
1899
121
1792
443
379
896
1385
981
610
489
1246
1380
530
1918
1164
707
954
1656
1265
1097
412
1294
433
1129
219
812
364
1238
825
1009
244
916
1285
1387
1884
881
409
675
1507
1966
674
843
1393
912
1812
915
810
568
1258
693
1128
1555
223
839
337
760
1803
1095
1952
1415
1911
430
1480
631
441
1552
1568
1625
935
1424
1412
976
1594
548
1934
1070
835
1687
169
381
1138
152
1447
451
721
365
590
79
1256
709
467
242
1005
1474
1361
1154
1650
921
1475
450
1849
1023
629
98
152
782
1970
858
1475
749
1069
1138
1000
1026
937
358
1766
1568
1001
172
1029
237
1589
1256
592
1159
1947
1403
1179
350
1359
605
333
1113
320
649
1825
252
978
1801
825
1431
1475
1211
448
1259
434
1288
633
596
1403
31
1782
238
1064
1027
1717
1858
1954
1808
907
1175
1360
657
1459
157
1229
1948
581
1208
1268
1676
238
706
1457
1055
976
984
776
1424
319
1849
529
669
1233
697
1595
1211
1307
1222
78
1458
1052
977
709
1077
1990
601
1825
1060
1965
208
745
1945
686
1792
1074
1180
1447
1301
337
1099
1680
1108
619
137
1839
733
383
1553
1967
928
1101
1515
1829
366
1082
1037
681
1744
1737
715
1900
490
1831
1805
1804
211
1441
1825
376
1072
395
1817
1264
559
137
693
60
1047
1074
1620
563
282
230
801
908
710
240
955
620
1789
1823
573
1982
1424
1965
1766
93
956
362
1275
1519
137
199
962
1742
496
1229
837
465
952
489
962
1136
1125
1673
449
946
1565
111
375
1220
151
432
305
1241
26
1799
1571
1977
747
823
1969
1057
1438
35
1941
1372
1039
236
590
398
673
309
713
598
1401
543
549
1541
1664
525
1691
950
1947
528
1397
1312
26
60
1996
1593
1166
369
1773
1972
859
557
1746
685
898
1380
377
215
576
1240
476
196
288
1619
1301
990
1209
785
1983
1403
59
197
1289
1172
366
90
1159
1935
1249
1226
1493
1200
1174
1013
370
1367
1307
1347
1195
1988
165
531
1525
1862
231
1722
1321
501
1381
1845
254
1141
380
1765
1168
361
170
1391
319
1104
184
1249
1520
911
387
363
1802
1741
55
156
1780
1525
435
1175
1949
869
1489
0
673
1753
659
904
140
1480
842
310
1747
1360
1172
409
1727
1472
287
476
1234
972
1395
1953
689
813
1753
655
576
1514
776
1047
646
1993
1649
832
1667
409
1370
1856
714
789
896
1445
1337
1186
1993
913
1977
1808
781
1444
799
104
1792
1375
1109
1974
1017
336
1262
1998
5
449
1840
736
313
664
1033
1101
1891
26
977
1940
893
941
1968
1844
869
788
726
459
131
1395
251
160
718
1919
1102
1203
652
801
1169
404
1929
262
553
1752
1337
313
1147
769
1722
373
557
600
443
950
1679
1766
274
974
134
1852
265
1517
1075
151
856
1919
1631
301
105
358
1761
590
971
1053
444
1331
892
1925
441
716
1753
869
336
1224
409
721
1867
635
615
1358
527
670
1906
731
1836
1526
1136
1564
333
718
1420
1326
137
1027
773
1930
1759
391
1312
665
397
461
1049
1766
1103
173
1365
381
1701
1888
710
1177
1453
116
1849
890
464
1081
1406
1110
1597
1099
1916
1440
931
896
704
1791
98
1664
998
181
419
1877
1679
1034
1537
1601
794
384
440
1981
908
537
1169
1828
1615
1345
859
342
1433
1146
140
454
203
1043
684
1587
578
1802
1735
876
506
1721
865
456
349
56
535
8
568
259
839
981
1362
1064
773
369
1256
1177
1284
1714
873
1007
1699
1724
481
1680
1703
1897
229
1789
1029
1108
1328
209
770
1419
1372
1577
1671
395
1920
310
1604
248
670
663
1469
727
873
1307
1057
646
43
885
1583
1079
1289
771
1755
817
1501
181
1206
718
1057
1936
832
632
630
181
641
1348
909
1837
1538
1702
1153
1326
1544
211
410
1321
1195
1873
68
1341
1789
1931
284
841
1012
1811
571
658
977
1433
81
374
564
1685
1279
1126
1867
351
557
1475
761
836
1448
890
1196
776
1997
245
1762
1946
1106
418
1075
481
1525
809
167
462
1307
348
1885
953
336
1424
1279
920
797
550
1988
430
1044
1115
1961
1775
1933
1992
1105
1775
1353
915
823
1820
1415
493
1313
133
1694
27
396
862
1013
858
233
20
273
425
198
641
1874
1665
1074
702
129
1294
1376
54
1212
1198
1148
442
321
1995
916
1837
1416
901
988
1403
1533
1201
97
507
1999
1422
731
80
125
1782
36
747
865
101
1056
938
1268
548
1025
866
29
1939
544
474
1817
1234
1530
1934
1849
729
559
1334
594
992
1548
382
1518
1467
307
1701
1718
1510
91
243
810
1736
378
1968
571
322
1530
309
327
226
861
1784
284
1917
581
339
1312
1227
1100
306
197
518
1272
362
1745
616
230
320
217
1655
204
1636
555
1221
635
1542
757
1173
1003
1110
340
802
763
649
1450
1461
364
738
689
1449
722
1296
1599
341
621
1220
987
1953
1995
693
1814
1227
261
11
1732
1208
790
1859
1249
259
250
1222
773
1926
1283
352
1237
1807
1060
112
495
1235
1766
1852
1388
1786
512
213
1950
973
1934
1290
1211
756
1627
1245
971
1641
1765
253
592
443
635
1804
545
689
796
388
874
1313
223
70
1107
433
1612
968
1465
943
1931
1376
1128
269
241
1140
143
1683
1029
899
83
886
1673
170
1929
1158
1952
1591
1492
224
33
1173
381
566
1050
1352
1641
1403
864
804
266
1896
1505
1525
1090
937
1532
1952
1537
595
465
572
946
1184
1611
811
1708
1476
524
1669
1833
644
1789
987
1622
449
576
484
78
1909
1170
556
356
1024
1401
778
1925
1166
1274
1998
1275
1277
365
502
5
222
73
938
1296
548
344
289
792
597
1633
517
629
1039
116
1124
927
366
1740
81
995
137
1123
883
1706
1942
17
440
1430
1643
1578
664
467
714
1586
270
1865
1827
376
1787
1970
897
1114
1989
720
1286
512
1042
637
1625
1661
1907
1632
1558
443
1241
454
1723
1667
1023
621
620
869
1172
1253
1561
1088
613
65
705
1161
778
1525
601
1460
1202
342
1889
54
1450
568
1271
192
788
110
1285
1477
734
1889
955
1710
742
1618
1471
1050
494
1013
1119
421
860
981
741
1232
969
969
319
602
47
707
357
1631
1586
968
455
253
547
273
437
1613
913
59
1825
1364
951
1293
603
1477
1742
357
507
845
336
1121
1667
455
1106
1395
220
1461
1499
389
1988
1705
1481
869
962
1970
1381
1520
579
1920
1125
53
1953
664
1756
284
873
1657
176
840
190
239
1262
1249
1987
425
1901
1739
1888
1415
151
824
322
1460
1615
1810
101
1514
1965
605
920
1379
1059
731
969
634
1049
313
1775
162
799
98
424
1960
1028
329
645
92
315
1585
249
41
98
1033
925
369
131
1245
605
1946
422
1310
1787
1168
1578
1617
1568
624
1847
1645
1876
1700
643
188
1180
539
422
11
135
529
1661
27
1204
1280
1027
1382
25
1219
359
1233
937
1233
1952
1843
502
1672
1433
1520
1916
1467
306
794
705
1832
866
898
1420
173
1458
1205
1629
1545
1296
1177
842
1961
1976
1376
839
1035
1878
1919
836
90
221
1083
1019
188
219
1148
1980
622
564
1469
1352
1243
1491
299
955
409
253
1141
1040
1893
1363
1119
1987
866
459
710
1084
1625
1345
568
441
1929
474
1082
1179
813
574
125
1705
53
1647
885
229
1330
1659
205
616
1646
1836
1516
106
377
40
318
1357
635
520
1193
1897
591
1293
1369
978
23
729
1565
1293
1332
1555
53
1408
1789
1764
848
123
990
544
769
64
340
1112
1775
1154
285
1695
1402
1025
867
1513
504
1751
1349
439
1259
1696
413
732
1510
1704
752
1842
649
1180
209
1544
1555
763
690
194
417
213
508
1298
168
192
95
552
1541
1304
673
1898
1295
945
1160
1982
1017
1992
497
1448
1386
1315
1040
1905
1088
1901
1839
1316
355
1181
114
1104
1450
801
1313
97
1197
196
473
83
166
1205
1136
142
709
1561
517
314
1649
472
330
381
1577
155
1097
1913
1601
1520
421
1183
1019
1143
1931
1521
775
1313
411
1693
1555
663
944
1988
584
1189
1181
622
881
204
1257
1229
1648
1178
1051
969
864
1612
1658
1354
1628
385
740
632
245
527
1709
1740
1152
571
336
936
653
152
721
212
146
232
376
1677
1364
1001
69
998
80
484
1496
643
839
1284
309
45
1483
1250
1217
1928
1761
596
832
1764
662
805
1778
164
545
1132
605
1932
1777
1944
661
853
396
1565
371
223
1584
960
135
417
1449
1072
1484
341
1171
1487
1936
1229
1271
26
650
1294
1274
1213
1934
579
1613
878
509
77
423
939
1457
1421
1750
1257
516
1339
167
21
1470
585
1818
1382
1151
996
207
435
1546
98
1504
1305
29
297
611
1429
380
590
1845
1819
1526
863
1466
424
470
1621
1552
1249
1424
621
807
686
1449
281
1565
292
1953
322
715
1414
965
506
855
425
308
1529
726
820
1444
592
929
231
1993
23
1507
145
663
1305
309
60
456
1065
734
1334
1729
185
1566
1930
16
629
1801
1434
1600
14
1156
205
1401
1362
1301
68
82
955
1644
1862
437
524
1820
27
1977
1528
1429
1670
1151
1826
1438
1025
417
251
1655
1925
1456
976
497
1994
1887
945
580
1533
1267
1463
1497
23
1175
1647
1760
515
341
197
618
32
1541
1475
1333
1802
800
29
1367
1832
1425
705
512
731
1179
1636
1560
867
1021
1961
64
1031
307
1902
1513
1937
278
1510
1981
1336
565
1838
678
1065
505
471
1379
1635
1865
314
868
952
98
760
5
1874
746
446
1462
241
546
403
778
471
1939
1884
1419
588
332
757
1511
1699
970
243
1134
1909
1715
149
1922
1299
1424
234
1133
1552
1133
497
1913
219
1978
1361
81
681
182
1860
941
776
478
209
796
1102
153
94
1657
505
346
1086
1546
1433
910
851
1264
1793
491
932
431
277
747
1211
948
315
489
547
1812
1299
1817
1129
1465
941
45
1769
1413
424
505
1709
152
461
1713
769
1141
644
422
1338
995
1078
1371
453
1634
1821
1279
372
1175
1837
499
1860
477
637
1487
1430
1086
1507
738
904
473
1017
1553
167
1564
1841
777
1269
1965
1936
781
417
490
770
1816
9
1737
1379
1602
1986
567
1539
300
161
1889
1329
1906
1096
1457
1507
1291
1376
1539
1727
1034
1549
1664
1645
1432
1686
1345
508
196
571
1780
1195
571
284
1624
1514
188
1980
1379
125
385
1411
1131
1700
820
539
490
1752
1849
967
1050
375
1859
968
1818
152
1753
1372
335
513
837
617
968
12
1625
1109
1775
423
1418
68
1870
428
686
774
1646
1170
269
1412
716
872
1128
723
1127
769
123
1393
737
632
1794
1247
699
219
517
4
1548
1425
413
1390
154
283
1105
1208
371
1081
504
473
129
2
515
740
1221
82
475
1529
1593
678
1081
253
1311
801
854
1055
1038
423
39
1985
51
979
1232
1743
1441
1250
1018
907
725
399
1462
444
1877
563
142
597
1481
1764
605
1593
577
1507
700
1249
75
1485
53
1796
884
1784
526
1451
257
674
1915
1314
1337
1257
1769
1817
1804
297
1547
89
1220
737
1516
307
294
281
188
160
1198
393
1381
609
1873
329
1550
655
424
1464
1645
1136
207
1359
1773
1233
120
1509
579
1857
1423
772
1756
196
690
184
113
914
1546
562
741
421
1058
938
1561
1916
537
1202
1353
992
1394
791
632
386
724
1054
320
981
1149
473
979
467
841
1858
923
1949
1943
521
705
1755
37
347
379
818
608
207
729
1860
69
708
55
712
785
1838
1385
1783
1094
1301
712
869
1134
320
505
1147
218
121
117
1561
1920
1176
305
1525
1340
1162
1190
559
756
1673
684
833
724
121
749
709
332
1865
642
267
91
1712
1087
413
498
973
415
496
643
1907
91
624
526
1224
181
836
925
750
1188
291
318
1587
1075
1853
641
469
544
1357
162
1604
1728
1488
91
200
989
1201
125
802
713
567
536
1985
910
1637
1201
377
1125
769
1217
206
1642
73
913
1450
1798
1820
841
449
1451
1811
1778
1576
1285
1873
81
901
451
1503
1467
1455
864
828
170
1579
1220
1612
1195
1549
1813
1800
146
884
1910
1617
1442
41
1054
182
753
217
897
1802
465
453
122
1787
1306
929
206
1478
1491
320
395
555
1388
1367
979
1347
599
1412
227
1235
1409
1379
1177
296
591
1507
1001
39
1357
1685
756
647
1775
914
665
1997
701
802
1683
1152
583
467
777
1673
1286
1982
769
123
1433
1166
241
1826
1387
299
1801
1960
1870
1157
103
1258
1329
544
1553
1381
1723
138
722
1314
478
839
123
1412
1560
1410
357
794
79
1690
762
67
420
1049
705
164
413
1586
1492
41
278
1036
5
261
1357
1329
548
650
1453
1883
621
1047
1093
986
694
578
1242
897
512
978
220
1736
1295
570
1581
659
1226
1357
1175
352
1431
773
1238
529
1907
1205
1400
373
906
1662
218
154
892
937
547
1962
741
1668
1528
1861
231
561
1836
464
197
538
146
1828
1336
1106
883
463
845
1153
1618
617
1686
1743
599
1958
533
1653
1505
791
1115
592
1923
1012
1669
970
1205
805
868
234
664
634
272
1501
251
92
608
275
553
566
788
837
1741
328
1387
547
931
936
1002
220
414
1953
950
121
1578
856
923
1525
408
1268
1412
569
73
1429
1049
1886
249
924
643
1870
765
1088
0
1645
9
1529
1323
1363
1226
161
1156
1410
1874
449
729
537
1977
287
1337
652
1445
1652
616
1158
1475
1689
956
380
1429
1402
1415
314
1005
40
553
131
1460
1176
1089
466
1272
1100
1891
1037
1618
1259
993
1681
1843
299
1617
1523
1244
425
1060
1598
452
1760
914
144
905
1244
692
185
1985
1443
880
499
215
117
184
1755
1249
1981
585
911
1703
1655
1766
699
1717
398
469
606
642
1729
593
1193
1520
471
1409
515
769
1310
668
430
385
668
1961
1119
1277
617
831
1523
517
1046
1715
1498
1475
1016
139
621
1057
300
417
708
408
993
1689
1364
1596
1178
1718
1413
1257
1595
1834
953
1963
592
1838
943
472
731
241
186
1571
301
1562
1920
986
648
1961
886
800
1046
738
655
709
192
293
229
1616
668
403
636
794
965
1407
1278
1327
72
1936
1681
1165
24
1067
1865
1997
1413
900
733
99
709
233
169
1977
665
1775
969
705
324
1942
682
638
809
1329
966
956
1913
13
1859
1274
704
933
991
816
1055
263
1187
1939
712
359
865
305
1981
1744
1409
667
1965
1468
1179
1688
1479
445
1656
1600
680
504
156
1725
595
1762
1008
292
255
1901
481
725
1040
306
224
1097
1616
1262
585
1976
1438
80
862
644
1898
1655
897
1584
1402
599
603
152
1800
1540
1709
1356
948
1318
590
251
97
283
1418
1840
865
1981
76
1874
1076
1907
371
1836
188
1909
783
1664
88
1497
1836
753
1794
1705
913
753
386
969
642
991
1444
1963
164
643
542
438
568
1847
1802
985
409
25
966
1816
1940
617
530
1425
94
425
1316
1378
1321
1888
1097
1462
1600
290
1339
145
863
452
716
1417
1557
108
1048
1947
1236
828
828
1353
9
1214
1326
28
1505
1171
858
420
1253
884
1090
1689
395
1993
491
1441
720
972
500
851
1615
133
220
1717
1408
153
540
1081
490
1157
445
1517
277
115
1593
320
1090
803
188
499
1203
1249
204
1128
1905
683
1564
188
1949
703
1115
101
1274
782
1506
1380
1922
883
1477
221
578
1623
32
476
1826
1521
758
1704
1579
948
1581
1391
1004
1004
1658
1273
1674
1803
827
1487
1903
654
1624
1004
693
637
1574
1916
866
506
1810
114
773
505
1797
1129
1717
438
38
1201
612
1727
208
80
974
1936
1847
1949
566
338
1177
1279
1798
960
1249
41
551
1187
1990
539
177
905
1999
553
1874
909
1741
961
1066
1433
650
1673
37
407
608
935
430
1283
1024
598
774
1573
1051
760
951
975
1982
1007
885
1137
278
1679
175
1020
1898
613
678
1467
1097
616
1007
508
609
1585
1729
758
818
1869
1196
641
630
817
348
1980
1176
204
1385
1484
1993
582
607
1706
604
58
1412
786
672
352
389
1329
1972
1530
1684
480
826
1700
1304
1877
493
1689
652
219
248
1290
41
1140
1217
498
1420
195
1931
1490
1787
1499
1436
697
170
1721
252
1900
1266
520
1554
1685
773
1492
1900
656
232
394
201
1655
613
25
253
1140
292
1894
1313
1864
253
1817
1349
1284
412
1899
784
1421
1852
1283
497
1894
1069
650
1501
1179
309
1660
427
1865
1989
637
1533
619
141
681
568
805
1913
1413
599
1947
214
1165
1393
365
1673
1271
767
491
46
1796
192
1705
815
980
1799
1701
660
883
857
445
565
450
508
1839
474
363
719
1110
1536
537
1960
1337
1305
1788
1553
157
492
777
737
369
1573
1557
630
547
699
821
371
1111
1653
309
1901
426
1105
132
1568
323
318
394
636
1263
1792
1511
647
1277
528
452
55
252
1797
431
469
1321
443
680
364
1804
1117
534
1060
1553
1307
279
1868
997
629
406
737
225
1312
1803
1660
1508
917
1676
806
1064
283
1992
1605
1929
756
483
1487
203
527
1000
1664
757
1032
1836
753
1892
1107
837
1453
725
1602
1245
495
1122
1753
1007
1049
1193
1685
1070
80
901
1959
1475
647
1748
817
1330
10
899
1243
1053
261
1768
1191
1749
775
1452
230
401
1179
1781
443
1789
792
1821
197
457
1476
1665
16
1947
1929
1177
1895
536
775
314
321
1244
1666
561
1078
273
281
1132
1043
237
1032
1398
80
1823
1897
259
1029
1776
324
273
1728
1895
57
597
1369
1531
1459
1673
185
340
1212
840
80
1627
1789
887
1565
88
1823
9
709
1408
93
800
465
573
292
637
115
1760
886
28
803
47
530
911
1217
585
393
1372
645
1389
481
1740
612
40
1115
1122
1072
317
1588
772
1835
1269
1450
260
1550
182
321
65
1343
1962
578
349
1885
974
658
897
1632
241
1708
1384
1580
475
485
487
301
743
38
503
376
1142
6
322
669
781
943
997
1902
1787
296
1913
1615
1272
1089
677
227
1946
1511
89
133
1133
8
784
1545
794
1788
250
414
1636
736
1227
977
713
335
944
212
349
652
379
1452
1729
13
1875
277
1307
1308
89
768
1584
669
1876
355
1545
828
131
928
1419
1552
625
313
61
382
1081
777
881
1601
1189
21
1045
1562
779
1267
838
1693
1869
1645
311
1389
1464
233
242
1673
1012
728
874
1010
1888
1607
425
636
431
997
809
1781
1604
1806
384
416
1897
1000
832
707
805
152
510
1731
812
1264
1213
554
609
82
1489
1186
1629
1091
1437
1389
1178
1873
764
272
784
1494
1970
974
1535
325
1702
122
1554
1346
113
1043
1910
1151
1687
168
1127
511
419
877
73
1606
681
953
716
1925
1810
1210
769
981
1844
1962
83
1835
1852
499
1319
316
1438
1695
303
1875
1122
910
1162
671
1841
1672
692
1245
1592
1835
1112
440
856
1075
1856
1028
1953
1860
305
612
341
1798
1656
1961
430
437
1419
1019
17
1108
1402
752
1723
1292
18
1849
1689
649
283
989
1009
476
1734
350
510
700
763
1632
153
1611
169
1719
425
282
1710
1234
1195
539
1897
426
1967
1915
380
1133
975
1539
401
526
1393
1827
241
65
773
232
430
1665
777
648
889
147
1353
1164
938
1520
1118
577
1843
1233
1745
169
645
785
387
1852
1257
1045
565
1739
1837
727
1070
1508
2
361
783
327
1943
665
181
1431
1365
553
223
830
1999
516
784
170
276
25
635
1923
1514
964
1815
1994
81
500
1858
163
1101
877
1194
985
1298
1784
8
1766
612
1442
1470
1793
674
1892
1916
1889
1819
699
1523
8
812
437
1767
347
1321
399
1379
209
576
1347
448
1665
1768
619
0
1340
1629
709
1288
1996
1115
1117
845
353
468
1996
1312
358
1547
1545
1663
1456
218
398
1608
1600
984
723
1896
1762
1623
952
1085
1278
451
1654
1754
1021
1531
1265
644
899
1766
1562
777
625
361
956
1917
210
299
1621
1150
1450
1134
1658
457
1115
1542
900
1194
437
709
1969
559
19
1108
479
767
1483
1783
900
218
1797
542
1889
888
701
1409
203
1170
378
1097
1005
1499
1348
229
1376
413
1127
1713
476
1524
980
1640
545
85
1674
970
818
617
689
1225
1758
481
31
1436
509
693
792
366
1520
1865
196
1028
1092
42
1260
1131
393
693
756
1610
1242
370
381
8
1682
5
1481
673
579
1401
1433
1509
1817
1061
305
1700
652
559
1740
1989
1415
11
484
1744
1326
547
243
886
624
1340
1033
837
1333
421
1021
1885
273
300
1980
115
323
285
1397
805
1166
1531
1008
881
1727
412
1484
511
1375
1223
445
1485
893
549
1610
1065
1520
1185
21
1776
320
870
64
156
203
932
769
20
680
268
1988
1550
1547
1996
68
1835
1429
55
122
1765
1298
791
1412
113
853
1600
1859
430
841
1750
5
596
1160
1772
256
1294
297
1561
1546
936
319
167
1864
1143
1991
1228
1319
382
969
208
376
1534
939
640
961
740
1376
173
1472
1706
1683
1029
187
144
277
1610
982
298
1236
1012
1778
137
220
1861
1721
1327
433
413
247
939
445
1813
1525
991
519
1590
1297
1897
636
168
1413
1497
453
1910
1205
192
480
432
855
830
1791
292
437
1499
1925
1957
1558
29
678
752
1384
1642
377
1689
1833
841
1865
1814
601
469
324
1081
577
972
922
869
128
961
1427
313
1062
1337
518
1869
1029
1369
521
1709
1509
1351
893
1747
1173
873
1862
502
512
1186
1142
430
1396
1078
1206
681
322
359
784
1010
1412
1596
1246
1535
1525
769
1002
1841
1898
1409
1806
1745
622
866
1693
44
836
233
297
965
383
43
1305
341
259
683
1083
1436
489
288
1432
574
1619
1744
1919
713
731
652
1349
1808
1064
1525
860
1004
1532
937
1683
854
504
491
1438
1947
127
1160
1961
85
206
1390
1657
1981
199
575
395
1225
33
815
59
1007
756
1640
602
585
1860
593
774
217
1502
437
1679
229
1700
1621
26
1546
1104
680
1813
1511
1391
592
836
306
234
416
1224
552
1772
1169
113
1004
1234
1505
683
1104
400
1468
1039
248
381
1469
741
1873
1683
574
1405
371
953
715
1729
627
689
1478
1412
933
1473
640
657
1921
1877
1484
293
1851
1118
684
360
1212
1309
596
1709
163
1898
662
395
526
1325
937
1031
1133
796
1013
1843
995
91
54
1449
1724
1804
1104
1269
481
211
268
1537
517
1528
496
491
1523
964
272
1722
905
1508
788
891
146
950
513
1389
1749
232
1384
55
1298
1009
1772
1526
1345
536
1264
1613
1091
1094
925
517
966
1964
801
260
14
461
1820
1168
1149
516
1218
426
5
666
49
1645
1080
620
940
1787
1599
1580
1377
1018
593
772
560
530
1540
1660
1337
853
1603
470
461
759
17
791
1909
1297
1667
708
1257
586
568
526
93
835
379
1679
1367
1519
439
1346
1167
342
1907
470
1715
1389
1336
337
582
733
1777
245
89
1198
200
1567
81
1568
1543
517
1974
938
1386
319
937
196
488
317
752
1319
1073
1201
665
1897
865
1402
153
1005
1277
655
225
1481
233
1926
1728
409
449
175
400
1337
1412
354
130
93
418
363
1386
1306
1034
1222
357
73
490
1813
1856
1001
805
433
1838
365
844
1209
1317
802
201
1165
848
923
1740
139
1408
1226
265
659
462
1221
761
67
338
1589
205
289
920
1206
1557
110
365
1738
1449
1829
574
737
1241
164
1871
479
414
95
1345
1741
1501
1112
981
1307
1423
1071
589
264
519
413
309
1843
544
29
672
1312
1254
77
501
526
789
1420
1974
1660
1686
466
936
144
1812
123
329
138
1805
1296
1065
1260
407
1405
536
1295
248
1635
785
738
1265
833
1649
273
288
1294
1755
1253
721
1343
1288
165
1185
467
581
1266
1969
1857
539
153
424
156
1177
1529
1892
861
1665
762
1052
236
201
192
571
571
1271
1989
73
1440
1555
345
1825
1773
1988
850
1343
1913
730
272
1451
900
1880
1331
585
627
729
1939
173
1435
739
37
1562
599
56
647
1086
1221
546
404
1168
254
515
1633
1384
88
906
1232
826
441
1168
710
1868
1649
66
1108
1530
883
1339
37
175
595
1621
310
537
873
581
1153
377
1992
1371
1173
1929
569
1279
882
1065
602
1529
1905
1087
1069
960
839
1138
1786
1773
1106
794
464
1593
405
1701
540
249
0
147
608
578
1970
611
1458
1682
1473
1125
145
1973
388
1734
260
648
723
1297
285
344
1060
1547
924
251
198
1514
654
971
162
5
1287
989
1613
1769
1297
572
736
1366
252
107
1059
1331
237
1593
1620
1538
184
1522
77
1024
920
1918
1874
1725
972
1078
897
244
494
1181
556
609
667
886
709
228
1493
655
175
1276
305
632
1278
261
1931
886
171
229
806
1331
1928
1577
526
1811
1409
1325
1141
1073
581
276
908
461
827
1121
1449
1290
1777
1666
1244
853
633
313
1765
1929
115
694
272
1441
1500
275
454
1609
844
416
865
143
1031
1970
1783
1217
358
1088
1190
828
1504
462
1968
1247
1727
200
1280
1846
1622
1531
1616
573
1515
284
714
270
1513
1212
707
394
1859
162
1385
1688
41
1660
302
1201
1262
1150
1633
1424
56
817
1828
1138
1315
985
1080
777
1271
1877
643
1099
205
729
26
1439
1585
477
1192
106
880
33
603
1496
1264
976
741
617
749
614
675
1232
981
433
1674
1037
1675
864
1567
26
1423
116
1874
1061
613
1816
1140
436
696
1796
382
302
209
1227
200
1461
777
1764
29
1797
980
278
1685
1859
1385
1459
1802
661
525
699
145
1316
1709
252
1489
554
1893
521
904
1867
281
897
675
147
376
734
318
1917
1531
773
1402
734
56
1376
123
1740
1808
1461
1601
390
779
853
827
532
560
304
770
842
275
1662
1531
1307
1936
223
1051
1173
1727
440
128
1370
950
182
336
1033
1835
1885
1088
719
845
1412
556
1680
85
292
1360
333
884
1379
530
1583
675
531
999
376
1712
205
188
1985
1285
70
449
1637
53
889
1426
889
1294
1485
1417
1085
1489
345
1786
1829
608
542
1885
1294
992
529
1484
1509
17
470
794
995
974
878
1576
397
68
853
645
1749
1219
383
1514
1069
1252
1002
1886
152
340
5
516
697
947
997
1802
361
1898
1033
1030
1206
1308
1992
947
1733
395
1976
1600
18
674
1091
1834
1267
848
1915
25
1596
1152
413
1798
79
1671
1170
1935
1942
1590
1540
728
773
1563
1704
67
1524
1299
657
1413
143
1071
996
1896
1764
1612
1733
214
1701
1705
832
746
1840
647
309
1563
84
373
844
1681
765
961
1761
56
12
428
309
1308
1185
773
470
443
1952
1222
721
1464
1993
697
312
210
973
884
1364
998
1817
1883
1406
1008
1476
1165
738
483
1010
189
1184
1561
300
847
76
1497
287
1645
884
1689
513
124
274
1946
153
1456
635
278
1405
5
59
267
860
24
161
75
570
717
1101
1284
866
1885
1429
204
78
1178
434
1820
93
151
1483
1943
983
1955
940
1516
344
1379
765
1126
1194
809
278
566
1481
1941
1844
875
971
1261
1753
571
1403
877
817
1145
1768
1955
449
24
860
558
1665
745
1348
208
1388
1763
805
916
1009
398
451
1293
895
548
95
388
92
773
1102
1887
386
1509
1709
1707
1322
1781
148
326
719
1941
1687
1627
1120
1369
1385
1845
1689
202
1275
605
1371
1403
1789
1685
545
1767
915
1519
1069
1921
1028
1432
1733
635
490
1235
40
368
1638
643
1129
393
1665
1988
1710
790
1337
332
217
1209
772
356
435
794
931
395
65
1520
545
1177
337
1568
355
1037
1987
19
1474
795
1823
948
716
1513
740
621
128
1705
1597
1225
14
1372
1081
614
353
164
733
608
612
1484
179
1781
1985
1472
1511
1762
1798
362
143
1936
1747
339
883
569
588
1142
559
827
1077
538
254
1148
329
65
1268
167
237
1991
860
207
949
536
1281
865
969
839
48
137
1351
584
244
173
521
1761
1733
1178
389
1712
956
916
1108
1321
1902
882
581
527
917
155
1237
229
1192
148
281
1022
837
297
1820
1186
617
737
145
1638
1605
1709
692
277
1373
235
1017
709
1572
119
709
1064
117
1507
956
1671
164
216
296
544
794
1678
733
1107
733
955
1406
701
240
1134
1088
565
1382
1820
1185
1654
1088
216
932
1295
1645
1319
1647
1785
750
1641
1592
879
1514
225
1631
97
1541
1136
1649
1499
1747
1302
1182
381
1854
973
559
712
81
1495
1127
161
1430
371
1046
533
1322
1412
1152
245
488
461
1347
812
1422
916
215
1686
754
1834
83
484
327
1955
1395
814
737
341
1811
1411
905
730
1199
79
125
187
1557
992
1167
969
1446
805
1248
866
1375
291
1302
682
307
497
1869
793
1930
562
668
1627
188
1661
1698
1585
1141
1885
1540
235
451
1741
1794
1447
976
1636
719
114
1559
1704
1712
628
633
369
332
1024
524
300
538
646
1425
1316
1946
972
1159
556
484
444
1401
1044
25
1846
1158
1100
1693
184
599
1172
825
89
1976
1028
321
148
785
609
1945
1925
1578
1549
400
883
1850
848
595
659
1029
867
1085
1459
1647
1535
1523
1887
773
127
1352
1774
917
1556
493
1757
421
1016
1268
1075
209
1997
332
1049
8
1684
470
1300
1612
392
239
140
85
1529
1703
554
427
134
1590
1009
1790
54
669
963
1509
872
1194
811
1493
1808
1638
1785
500
1648
857
1099
888
526
1365
1592
745
1709
1309
1406
705
1534
421
1693
1543
1981
1776
40
233
169
1496
303
1975
473
1125
1094
1224
1807
1449
1267
1627
1064
1202
1780
807
119
1757
956
275
1145
285
26
1947
1041
1371
12
885
325
1138
395
1357
164
1496
1001
136
1460
1043
1467
409
1300
764
532
445
181
1224
166
1234
1972
984
1645
1527
1232
1392
413
158
1928
59
1535
1897
464
1510
704
1274
1197
315
265
1896
847
869
1821
1463
1857
1445
1241
1511
1445
725
1710
128
1537
1737
212
11
1816
726
1481
289
379
489
1437
435
820
1492
472
938
892
1751
1299
90
386
1051
1323
1836
507
1157
118
873
518
880
702
178
1657
1749
1141
1485
1839
1768
477
1764
641
1072
242
1865
1059
1029
260
1152
998
250
1234
921
272
884
1960
324
139
1374
781
258
910
68
0
1568
793
497
340
1069
1507
841
1759
1427
77
246
1587
1866
1617
1223
272
300
479
628
980
581
1919
249
800
659
538
1088
1253
488
1292
10
922
1277
633
1710
999
1564
1626
257
182
1130
1483
1663
1745
123
1542
842
1064
1912
1357
947
100
1945
312
461
314
434
1777
325
803
1489
1228
17
175
1925
1481
593
1681
139
1417
299
1737
299
1133
288
528
1127
300
1102
7
971
948
476
1992
658
307
41
485
1837
798
1979
1913
139
1210
486
363
1133
1976
749
1033
398
238
123
1478
1145
889
800
296
1209
1569
1745
1644
758
441
1019
581
163
1307
1048
1801
1760
652
835
76
662
1658
1328
1197
40
536
1357
1520
1963
909
928
1288
1696
1384
1884
1095
639
113
571
425
1667
863
676
1945
325
118
1507
527
1334
1438
1302
693
524
548
517
1151
1469
634
1522
529
662
396
1822
1416
1671
1095
1619
541
694
1334
1240
1609
1296
1537
8
1384
97
378
668
802
1298
594
1291
1231
1083
1172
1193
98
885
465
1133
1249
1480
474
277
1542
696
1303
1802
1453
1634
1826
771
537
168
1190
1680
1982
456
1473
1393
1151
11
1823
432
1092
1585
357
586
604
782
775
807
1279
1840
181
115
1181
1097
988
325
257
1717
1443
1833
1679
1297
449
1889
505
599
151
1364
1413
1074
415
964
787
227
733
1027
329
1578
1340
1586
1973
920
1450
272
690
3
1898
1330
1659
1518
57
1705
1079
1875
810
1479
1244
165
1079
376
1719
1898
1486
1257
932
1696
1056
809
1801
248
691
1237
716
1125
1723
403
1619
1476
165
1898
171
1061
457
1461
115
1715
1475
1164
664
600
1920
1881
1901
1317
426
573
1230
1477
1101
1851
200
1280
1709
170
164
227
1376
826
852
1499
1233
78
337
186
1304
1567
1466
1075
291
1617
997
1873
1892
1975
1507
547
16
1344
1987
460
1159
461
526
937
1949
148
1514
918
129
1935
193
544
8
1321
374
332
1509
553
1777
196
833
1044
1385
1873
760
835
899
1596
147
1360
1621
791
929
1593
827
1490
1649
1307
1257
596
242
1129
909
673
700
1964
1625
354
744
307
917
1154
846
1325
1898
1658
261
1157
524
673
213
80
483
1733
1892
412
1030
482
1557
457
1673
1205
101
203
1411
225
367
825
1923
1805
1209
996
1685
1450
1728
1661
586
1850
1622
1232
333
110
736
1832
1431
98
1115
1712
544
1371
1601
79
401
1756
1057
1438
281
1286
1067
1758
338
1385
970
417
41
1724
1850
1517
1166
1549
1280
1496
422
216
1517
810
1910
161
1840
833
1697
70
929
963
836
1725
1845
41
801
1514
1194
1334
1746
35
993
839
265
1465
199
81
107
316
294
229
1453
812
1100
1958
502
1423
1322
446
665
1318
230
378
81
242
899
241
1976
1434
1664
1869
1459
1124
1914
155
187
995
245
592
980
316
776
457
1274
781
451
1318
718
1426
908
1564
1229
1400
143
1435
1110
289
1464
1114
686
123
1029
1672
1954
736
925
779
1130
576
1785
1342
1153
1123
1300
737
1184
1136
1465
955
1103
260
269
1799
325
383
806
669
526
421
69
1953
1777
621
1444
512
1125
1223
87
927
1598
1885
809
123
918
617
573
750
1494
616
644
1561
1261
283
1105
277
1460
1421
1491
1410
692
896
1007
813
1738
1692
1147
1160
1662
52
894
1422
671
1045
1909
556
482
1097
1112
1403
1902
1374
1768
555
1855
1163
1492
1431
177
1664
1641
43
1037
1653
515
1825
1630
1369
90
1050
964
600
279
1531
816
412
1227
309
0
131
1047
1863
1781
452
1674
1520
1406
294
229
764
347
1958
310
1111
530
997
1080
324
526
155
1140
984
990
9
379
1334
1682
783
1178
497
1497
25
187
1488
1713
723
1299
539
179
1249
1013
1636
1320
829
169
473
245
854
1317
600
624
1592
94
652
1262
884
1546
69
586
815
109
542
703
841
1792
1860
1489
1650
429
1187
976
405
319
1931
119
1434
1138
885
1006
571
177
1461
1742
607
401
1285
496
784
176
29
37
212
740
641
965
995
1588
1386
936
1069
993
1785
1547
1276
1505
925
988
1649
309
785
519
1223
1835
1471
497
295
1673
1323
889
1169
1718
686
96
1432
1603
1520
1300
213
856
414
713
1988
89
850
1934
527
378
1897
1793
1672
848
710
450
1676
1558
1814
436
1243
1661
1877
1115
816
1809
337
1453
1442
346
483
598
405
1719
1963
475
60
1689
280
912
806
215
1829
118
312
1677
121
38
1941
982
1670
794
395
12
645
1349
1697
1208
701
1928
1348
294
1667
1748
1869
873
804
1633
482
1872
787
1131
1385
214
1029
1688
8
1569
894
953
494
561
780
1091
645
1079
1651
1003
548
605
1487
1918
1325
982
216
1388
1469
973
54
1663
1823
1918
1630
1065
1037
1753
524
94
1849
1985
1194
352
515
1363
552
1415
1102
1864
535
7
675
810
973
1610
509
568
15
1917
1235
1353
211
521
373
676
318
1633
1966
1141
1208
1707
760
749
816
573
1874
388
1078
512
277
884
1093
1819
520
1454
825
52
74
1072
512
1135
931
553
239
1215
405
885
1475
1034
1755
1265
1910
535
842
1700
873
867
1377
540
758
1697
201
528
1803
81
936
326
988
553
479
777
298
573
1293
461
1384
184
1756
1437
1403
712
1587
1061
1246
1977
418
1043
704
1559
924
1026
1813
82
1150
1233
1050
675
219
219
1561
873
1230
112
1746
433
81
1217
965
777
556
568
506
1021
120
934
1926
205
152
121
372
1248
162
1229
515
1204
1855
1273
1016
1576
1625
1127
524
1231
380
1768
697
402
1465
346
656
792
1042
1870
1546
448
1730
389
1113
672
967
1602
1221
1483
1845
1581
1891
401
955
1971
970
377
758
791
386
401
1233
341
1235
1354
183
1536
1275
27
351
996
397
817
1115
1064
874
1689
1034
1585
217
1622
1123
1837
1801
466
377
1949
60
1070
1700
1816
1373
1670
770
1403
153
1025
1270
1089
365
1068
883
1335
735
1291
147
1395
208
1007
265
1919
1799
1947
1933
1945
540
164
1316
413
1454
1995
38
844
377
1178
1588
92
1565
25
1600
802
935
459
1672
224
1902
1181
1112
854
1958
1403
68
273
825
266
1397
1316
1913
1887
844
1566
772
1176
440
823
1429
953
897
329
1393
589
543
1714
1714
1974
144
1457
558
1149
862
1069
203
297
594
1036
1588
1083
489
569
164
88
756
890
620
1483
1325
1373
595
1769
9
1277
1183
802
431
1861
852
656
815
1363
1826
1187
689
1613
1400
1031
581
1186
1418
484
1102
1975
439
356
388
734
1466
537
225
1633
813
1856
1988
1771
818
1123
10
578
1253
109
818
656
1556
1286
1945
1290
428
1329
97
1292
394
1361
382
758
1837
507
317
1550
167
1661
1550
1933
871
1892
90
539
1105
900
1602
259
19
146
508
210
1516
1877
1788
122
252
1329
1491
1061
908
835
1510
168
1214
1454
776
708
1908
1305
1795
490
225
1587
41
84
1247
1499
1591
1179
1680
1703
885
962
1259
117
1285
945
308
1777
1708
1345
1893
991
1336
1408
873
1171
1494
408
698
1844
809
805
1177
21
1900
1649
200
1410
363
1684
8
142
1736
1650
1180
1797
548
1169
1529
1448
381
1801
477
1552
1059
1312
726
1541
399
1447
662
713
1605
21
10
753
37
1625
1871
133
645
1112
1104
593
965
1829
1997
241
884
476
1179
1208
625
177
1151
115
229
1372
1098
877
1145
1807
1228
270
56
1901
986
1543
895
1836
301
1743
501
1
1042
811
306
871
467
1996
227
886
1795
595
1793
1916
790
1849
1526
625
370
1876
1549
1306
1478
970
1975
943
1397
1299
1798
123
1261
753
612
656
1835
1317
986
381
600
416
117
1653
534
1321
54
1668
108
152
1100
737
1397
539
67
126
1931
419
1679
1901
1218
1929
1345
919
1407
875
1260
1125
1163
327
1134
1791
1528
1048
1219
801
1007
1934
443
1157
432
848
86
70
1609
107
549
332
1082
1820
761
1001
1119
538
1568
665
54
650
184
1372
345
1300
1457
1457
365
969
997
1793
1841
1669
461
1233
1782
425
1605
473
18
322
470
1367
1563
961
1385
645
913
1550
209
969
21
1205
123
629
137
1711
1591
1645
1862
1349
299
1381
421
1255
1883
1856
825
166
1416
1901
1505
1661
1485
705
860
1884
869
201
458
1588
341
1734
1474
445
1098
1461
439
1463
1780
1025
1800
582
1029
1112
415
86
1637
1612
1371
612
629
1755
1043
1172
462
1767
1004
1115
268
1693
1496
1002
874
938
1257
145
1556
1570
93
341
584
196
918
215
1307
1290
914
695
620
1849
749
905
1993
749
1794
1509
1237
450
213
1787
684
701
228
1437
33
985
1936
847
1930
818
264
1901
1078
721
1802
1763
1706
1
1365
548
304
1119
547
387
288
1413
1867
1700
675
1144
277
969
6
1190
1715
1526
1117
609
1640
426
1678
1051
691
573
1744
1490
665
902
1490
890
93
1484
512
1082
25
972
1769
1499
997
457
626
853
709
1088
1805
1026
970
268
1170
427
1621
1848
1662
620
1705
1058
538
488
1812
1002
1196
1136
917
1288
280
701
1045
1328
26
1674
479
282
1729
126
305
655
1574
1195
677
1989
1898
1629
965
1915
978
1470
866
1501
137
1936
1037
1701
571
1950
891
797
161
624
365
152
809
1133
739
1599
1546
1762
1890
312
1822
1108
1217
1405
118
128
316
987
1215
1857
924
1129
617
974
968
722
321
143
1430
404
37
974
1088
1457
615
21
1989
1557
605
933
1603
1378
1826
923
1315
860
154
787
293
1007
562
98
1040
713
1669
1797
632
877
1049
1202
298
1024
1169
922
1025
1628
109
1847
1752
1691
1288
1651
140
1012
188
751
673
1201
1040
1218
576
665
1842
1207
577
1193
444
1067
509
51
703
463
366
1273
1889
1608
153
1898
440
1305
1301
881
1602
688
532
343
1574
571
259
131
1661
1298
1083
1905
893
1542
1647
1357
1742
1736
1379
787
912
1097
369
1059
985
614
1614
749
1650
815
149
667
30
1618
1516
189
1341
664
1269
1397
608
1739
47
1799
878
1316
1040
1004
253
1631
1706
1000
187
383
1349
88
1332
845
1313
1868
692
1850
245
232
92
692
1078
1992
735
757
1198
567
1630
1294
160
790
1760
1466
1448
1974
88
1924
752
832
1308
1865
1635
1679
1721
539
914
1245
648
99
1101
569
593
1756
1640
1334
1158
1417
1830
1493
1247
200
1675
1207
475
251
219
1553
1317
1191
1597
1885
1625
1253
1103
1807
757
1138
1957
1525
1466
1582
862
1013
1157
1683
13
1265
1916
144
1300
17
1360
463
493
1307
1884
147
764
1849
1088
1176
1492
800
1636
1163
1597
1261
1075
305
1020
1846
160
530
1935
1717
163
1276
1747
1251
727
687
1265
1255
591
1029
976
859
1874
930
471
530
98
153
1123
176
137
1178
460
524
691
845
1255
1816
164
951
1487
1739
1711
1754
145
1926
161
1214
337
278
857
1165
924
1461
1889
1138
1925
618
1992
1720
1998
141
1295
724
1849
336
1985
1708
995
1657
938
1250
1722
1361
922
1115
1328
755
211
458
1390
1120
507
1507
1901
1609
1366
632
897
1293
873
531
513
1860
863
1432
1412
1201
384
469
119
942
1147
1689
1550
442
1465
1109
586
72
268
1205
1947
1016
1165
853
859
1561
42
82
202
1517
643
1277
1680
1048
974
903
205
353
1090
770
302
65
529
1301
170
761
1439
746
1434
1127
1586
1091
377
1723
365
992
447
1933
1293
85
558
1052
985
1057
1263
1410
1655
1313
1740
1132
393
845
872
28
1880
398
1608
700
551
704
1881
328
1115
1667
1909
321
1457
1475
186
1197
557
1693
826
638
1133
67
975
1892
55
389
1842
1871
1336
1072
617
1701
464
447
1675
1534
600
909
1585
350
1211
1018
1720
1324
928
569
87
1604
584
990
1166
256
292
868
1549
479
545
1040
986
1313
264
705
1250
1961
1600
1182
1170
63
1045
1592
307
283
1595
1813
425
1051
1640
1472
502
344
1742
1217
277
1603
25
1053
1985
169
400
431
1456
4
721
76
1577
85
1642
1153
1721
1981
278
1434
1961
58
1645
599
403
1020
1105
29
753
32
393
1133
1049
1907
1746
1559
5
772
1259
1501
879
125
1143
908
48
429
925
771
503
1433
1927
312
1344
728
606
1830
281
290
728
1224
1706
320
1478
77
1313
1645
1982
772
1720
222
499
638
125
687
1801
1688
969
818
1561
1888
1765
301
776
77
1367
460
424
1220
449
1570
1679
1065
901
1410
547
884
1118
93
609
592
1112
440
109
18
678
428
501
701
449
970
1440
1363
1380
1732
1561
1900
1181
1706
1190
119
1171
1817
1168
1752
1412
1600
491
260
1424
1270
868
685
59
733
1919
905
1413
1997
877
833
741
27
893
1735
1292
665
1802
56
272
1894
553
1733
1449
1074
892
1532
1038
1111
28
983
46
947
459
1467
577
1337
610
1118
1482
848
1348
1741
308
393
820
1401
392
1812
1961
1629
376
1312
1755
29
1492
964
1736
1463
1619
1487
1353
637
1777
1629
1104
1154
1750
597
1028
1486
1112
53
1050
830
1147
247
881
1877
0
672
1311
781
1046
881
496
74
1402
1613
1326
1849
1631
801
300
473
956
1336
1332
710
488
953
1977
1536
1150
1769
1341
495
1226
233
971
1216
493
296
1089
971
559
264
1955
1621
1664
117
353
1416
71
1375
769
1167
1755
370
1961
167
1177
1941
819
963
813
889
1574
80
1229
577
1371
384
1496
1234
812
1739
1564
1040
1848
1858
844
563
1490
1478
1894
283
180
1018
1521
235
268
55
1533
1379
146
1741
333
1232
782
188
1632
1737
707
1675
521
1228
893
665
1345
340
141
857
1920
685
1864
1806
637
27
713
1258
1335
121
1463
377
1694
1852
1979
642
346
159
1865
1288
1817
769
1096
1669
1106
1527
817
1245
1486
569
181
1941
706
1744
1418
1659
1770
153
1353
130
1141
1895
608
315
1649
1378
745
1142
738
240
1668
3
1130
689
1281
1541
1470
1170
1699
1173
263
1073
1637
191
961
1337
466
282
1265
889
813
1404
1160
15
1446
1566
646
297
1149
364
1054
253
406
1905
619
1851
954
81
1649
736
164
461
1498
756
105
169
1449
1236
489
1241
982
756
1811
924
935
84
1701
1847
667
1772
296
596
511
405
426
1324
71
1904
275
1740
437
1034
741
1142
1325
1881
1632
670
9
73
1955
969
826
357
12
849
1923
1409
720
332
1061
322
149
59
137
1615
228
1793
1845
1866
1696
473
772
1833
1572
444
52
1957
93
184
1991
1971
5
1419
561
1098
1317
1011
1553
1453
1156
578
1115
1384
1480
202
1766
804
1805
288
819
192
1831
711
870
857
809
1832
866
917
1596
1437
1523
1592
100
491
1820
605
452
1535
959
1872
1699
1
42
1744
1888
604
1696
1121
44
1398
430
1186
182
650
657
785
1861
219
819
19
529
29
233
201
341
429
1853
15
1147
145
1165
1249
646
1434
905
1977
836
20
1153
572
1161
705
1937
208
53
913
64
953
1993
361
1345
773
1439
965
920
516
327
821
956
65
1579
180
1102
1217
187
971
381
952
269
1587
1077
938
1805
588
1179
611
867
557
1244
1476
1864
628
569
181
708
33
1768
515
926
1733
64
1672
28
941
813
473
1548
1600
1943
1753
1467
440
1463
362
1906
686
277
884
1852
784
1384
396
1344
1514
1748
19
1414
64
1154
867
1611
170
77
107
793
456
167
1024
1815
80
1575
193
1573
752
795
98
259
1763
988
331
139
1449
804
1310
1481
1344
1957
359
1501
710
548
302
1598
981
160
1193
1718
1148
555
1665
1451
268
115
151
1800
1032
1413
1103
1725
609
1865
520
1197
102
1125
1919
336
1932
1916
735
441
705
1706
1415
1554
469
1365
1159
541
1770
1151
149
1902
137
1793
622
1989
176
593
1016
261
1860
34
1361
1211
1065
340
1677
1500
1104
1044
1219
645
1275
1338
276
1402
38
1191
967
1217
1213
928
870
1158
754
1484
198
389
192
1946
363
506
304
1916
1937
287
649
25
892
1790
529
1921
583
597
1175
547
1032
616
369
609
271
819
259
1706
1603
1831
1852
117
188
160
837
1229
1900
859
283
572
908
1795
1833
203
260
1445
1589
1037
1070
37
450
1531
866
897
642
1318
1069
1465
1302
29
1832
235
1244
1100
1896
961
79
1688
1728
1115
1635
112
840
1943
108
912
1357
1113
192
574
969
1388
325
1329
1148
1650
1195
1830
1382
1578
1057
1442
1493
139
1138
1957
665
1924
1585
434
1354
122
1887
428
8
1798
244
1030
1313
1497
729
673
1718
968
1093
889
828
917
617
1529
595
485
1874
1003
810
1637
458
82
846
161
1734
22
1150
1370
1822
1932
665
348
803
921
647
295
332
897
163
1331
305
632
458
550
1264
477
1017
1060
1196
932
1592
1749
1502
872
650
114
1857
173
839
821
1672
543
1182
1074
1730
665
353
1475
1328
373
1502
1637
828
305
1901
473
1058
1528
1404
1144
362
1145
1831
409
353
1599
1860
397
1326
237
1997
158
1275
563
479
346
1385
1290
1552
1214
87
1038
1709
1372
1337
1964
1970
448
1786
906
1477
1029
915
449
385
513
1259
1723
829
1296
231
1473
371
880
1478
1537
516
537
1965
24
313
400
1537
1694
1469
584
272
1827
1137
18
1011
1803
1064
363
1330
272
1425
1133
1317
1451
548
1998
1038
899
1001
921
1572
1627
88
357
1163
689
1707
1313
116
1419
1661
1863
233
138
2
229
625
548
344
806
794
825
857
992
1596
291
1433
452
1691
418
1570
1666
944
1609
1259
1829
1115
400
673
1107
1161
856
1075
21
1115
214
1025
405
1458
1269
760
252
1386
385
239
683
1992
1653
1211
307
377
1597
1133
1972
696
1941
809
1902
1214
1560
466
1730
781
1709
974
349
1744
25
541
1458
900
856
902
461
333
637
961
1144
1185
1815
56
1259
1664
481
1520
587
1433
1340
615
645
1496
422
745
1669
1535
1693
478
1997
1788
1489
1241
1500
748
1753
1510
1185
429
1215
1824
1780
1164
1799
1463
459
1029
1259
1122
1754
1621
1858
113
1921
853
1475
481
1545
783
1654
1304
22
776
493
1537
481
205
871
1267
401
1025
1021
1499
564
1152
1174
74
1821
842
1317
409
355
272
1501
676
402
1190
1055
1274
301
1581
1135
53
65
455
1781
1523
1685
1772
1395
7
581
745
729
1029
1553
395
1265
795
1373
1180
1352
1444
1218
833
1519
1775
1790
1280
576
1571
749
45
1717
202
407
1020
60
41
311
296
1979
1174
1242
437
1793
33
283
1037
420
1582
1343
1030
1667
233
1712
989
1372
325
459
1375
1369
5
446
396
369
895
1056
1955
1655
440
991
976
1976
648
615
233
693
1055
17
1997
1018
573
1024
289
749
480
176
7
1480
525
1740
511
1457
695
1177
1340
688
1181
919
993
521
1537
1291
1913
667
1348
1604
1741
488
1431
1787
1832
653
915
1974
1212
135
766
1070
770
624
1342
1316
794
921
939
1745
1513
1933
964
10
232
1571
1834
170
1911
206
379
1857
970
473
1466
1250
1683
1039
1103
1140
1945
755
1871
1775
1607
1810
584
763
1204
1029
1155
1022
48
843
1056
1808
1849
1536
977
280
1807
798
134
1634
1371
341
74
1394
1522
1075
1780
1097
1549
1187
734
1374
483
1973
1887
1088
1916
1388
1074
1301
33
1088
1054
227
1394
1654
657
1018
1852
268
400
524
295
767
272
1580
1609
630
1461
1936
595
517
229
729
162
625
322
817
1953
299
995
1862
1676
741
524
302
52
1791
1189
1244
1277
927
1368
737
786
353
217
362
203
309
1879
1980
1877
12
1091
164
1117
635
1445
963
1088
518
861
1225
1469
385
489
934
1328
4
1228
55
563
457
620
17
309
917
677
1881
992
1543
1571
