836
635
911
1847
227
258
1286
1662
374
681
1237
1691
722
1223
1403
216
527
1648
1252
1017
941
1104
215
57
505
899
1889
1919
29
1566
1958
442
90
1568
167
44
867
505
141
1997
1152
1560
498
1353
781
1295
504
56
597
1334
1944
1264
1350
884
22
929
1378
1085
98
285
868
1759
1921
962
1430
1240
958
454
978
468
771
1903
182
502
969
281
995
1864
1052
459
997
1372
1828
697
1985
1436
1940
1583
1611
392
1371
803
1373
855
1941
1632
1326
1411
789
1726
696
865
863
1236
543
405
500
355
997
1422
189
1240
431
1686
198
27
1218
1286
514
1427
1120
176
1972
824
1478
1632
488
21
75
760
1107
1017
1673
339
1885
43
717
1299
1772
483
335
1595
67
507
274
1278
1209
315
1113
1865
406
821
597
1221
791
98
326
1381
1498
1313
1033
389
628
493
1662
1705
1213
950
722
1347
91
1049
261
249
961
989
200
17
19
1553
1834
1169
4
1644
1244
183
1329
759
1573
1535
1672
1750
1600
1868
1361
1207
662
1306
796
1421
1973
776
1755
1473
231
563
1467
801
753
667
1139
994
746
1937
1481
1246
1471
1056
355
1470
1214
1668
1780
15
1845
1738
1682
1969
1723
1033
625
92
1241
352
1857
1385
1634
78
1778
1523
220
160
1677
1785
192
404
775
1996
389
1979
1719
745
1461
1960
845
368
349
1674
77
1486
1278
582
1683
1145
875
624
1052
354
1609
1068
1080
88
292
622
1372
17
1372
1982
1950
344
74
1027
689
1156
808
1830
1036
1513
1377
32
476
661
1029
1780
400
309
544
1444
1912
677
396
1155
1532
1580
841
814
736
1503
1238
1186
104
1253
1625
65
1007
1817
515
20
532
869
1244
1915
98
1226
1669
553
195
633
1390
1658
511
704
629
689
1337
1270
1967
1384
358
308
374
370
1544
104
104
1445
295
1510
1988
1145
1193
131
1613
660
624
659
725
1260
134
5
608
384
744
85
388
741
909
982
45
906
1203
128
744
1541
233
1552
38
1251
87
1203
122
1926
198
1548
701
1893
1738
1340
592
1046
424
1300
1034
998
41
1246
1801
1599
1686
989
361
673
192
1137
889
268
1643
499
16
529
383
1667
1919
1945
1502
286
871
863
1005
1975
829
1621
1503
17
1293
1460
1503
379
743
1753
179
1821
1846
1392
1853
261
1643
480
564
736
1217
145
1167
120
651
52
638
788
425
488
1675
1407
857
127
1095
1716
383
1231
1253
1703
525
99
20
811
1649
1564
1640
1778
1344
389
1204
473
1755
844
41
249
294
693
1882
493
583
761
1253
896
919
1371
597
652
500
332
693
1629
905
1529
1332
1655
1401
1943
520
1147
906
979
1673
859
399
1941
200
1375
1523
1100
1457
1102
1833
1681
1205
314
369
464
1250
960
684
772
5
1871
720
1373
233
1829
536
1910
719
1464
468
287
1406
1863
495
1059
749
882
1502
1469
874
225
479
989
261
1769
669
579
1956
812
379
1305
1469
1950
1414
1715
287
241
1934
761
587
25
926
1520
157
25
1872
97
1792
1618
99
52
1034
420
1391
1605
1945
291
1699
835
311
29
1082
963
1759
1449
873
1988
154
621
1765
755
1212
1235
1609
609
1604
216
1906
1804
551
399
1214
989
528
1845
28
777
45
1236
1573
1415
548
297
121
1806
922
882
625
1894
1301
1334
184
641
189
395
1302
213
176
241
1998
1679
1771
627
65
1339
1452
153
1173
1361
1955
1118
1359
1122
1571
1955
241
353
1497
1712
1851
1626
312
12
802
1499
1569
1384
133
1910
50
1015
93
151
1489
155
147
88
1022
1211
322
1629
741
1993
1937
857
1805
1807
11
1596
557
680
58
1708
1450
292
1746
1948
827
1977
527
1517
493
1057
368
1274
1474
259
987
1534
1896
1278
735
1378
1131
1552
636
1429
70
991
376
836
574
1889
896
509
1336
340
19
683
582
470
250
1677
229
793
1701
23
1448
649
1570
517
1431
1193
808
473
1831
1348
1125
899
953
51
1743
987
563
1994
277
113
1833
1009
1685
554
900
263
1813
988
805
826
1486
1885
1231
1093
1521
898
725
1327
133
1055
624
1316
191
1022
1103
1534
1258
639
980
187
1326
249
682
1802
326
553
1069
134
1738
1313
465
571
1586
1580
1977
1653
1813
1749
57
292
1763
593
629
563
1250
1333
904
643
1216
1745
336
1224
1537
141
1635
410
738
798
1223
1207
1994
1986
1180
665
1963
19
1152
235
65
42
139
1557
846
462
126
1525
359
1377
1653
1474
130
550
1610
1334
202
119
866
1375
1564
1440
1354
1868
875
113
674
158
495
1156
1976
1879
1415
328
1472
1566
1957
1488
1295
336
861
1764
30
1821
1884
1166
481
609
1048
850
651
1289
34
894
1205
1440
1953
91
269
933
551
1381
1733
1869
1285
545
1889
1456
710
485
1340
1068
894
789
965
1582
1013
1292
1436
851
180
1741
1681
821
1696
1005
564
464
849
1541
305
856
1212
674
515
107
1271
809
1169
390
956
1505
1500
98
1563
1172
154
467
276
618
1305
172
340
1372
341
273
470
830
1172
1783
1529
270
1100
1131
1514
848
448
494
1993
1018
1825
86
1599
1649
165
1358
1369
1601
1826
682
2
1341
79
329
1804
11
1645
1064
1017
407
890
462
270
949
1741
845
1045
1010
1684
1126
1813
1601
297
517
882
974
1481
1254
1380
885
284
539
537
1925
1145
110
652
217
10
561
1091
1689
1358
707
186
767
336
1615
540
1097
304
1620
1524
1977
45
1776
742
1436
898
1195
1492
1280
173
1051
1613
1865
1607
1743
1607
1812
419
1693
217
1903
218
1017
295
774
310
814
782
440
1246
1172
615
1883
1534
260
395
714
329
1628
1696
764
1841
1928
841
1071
987
1834
671
1040
1865
1053
715
1979
1187
305
93
84
1520
1892
1862
1148
999
5
764
447
976
1382
1680
1279
1078
1368
1711
755
1861
766
1424
1605
1382
1884
1119
479
1682
544
420
1697
280
653
349
1892
1243
1653
1555
1648
1394
1909
781
1248
1400
1480
138
1144
1257
1486
800
1018
1274
1224
1109
1220
1256
286
1348
358
368
1835
999
961
1484
900
576
1469
1436
1595
1166
87
1611
283
100
658
1734
1610
929
1166
336
1769
697
245
352
551
1357
763
1858
1099
1229
1425
106
1487
1461
1307
1482
539
1863
1216
1730
714
605
887
540
408
770
59
420
1061
185
1787
1823
1838
875
53
446
881
324
1555
1465
1337
1354
738
1121
1199
490
1957
745
1961
695
1115
579
781
1129
626
1437
277
1826
565
784
1402
986
1065
1522
505
992
1012
1935
917
1960
187
60
1101
1639
684
702
1863
1019
1369
149
1689
951
573
963
642
1823
976
387
940
1457
791
1788
306
1717
80
138
972
66
440
672
1193
587
1002
1482
705
1490
440
1706
1979
932
1248
453
1925
347
857
140
1613
1628
1264
709
1663
1374
754
1730
540
1113
566
1898
1700
917
431
430
320
1193
1604
1483
654
246
1206
1892
461
1409
1276
245
1874
493
1616
1691
572
192
821
1542
1816
1340
371
1868
1694
866
551
1054
1753
1994
239
686
25
1539
323
17
764
204
1615
1609
1340
293
1762
1417
569
1912
536
154
578
1621
506
594
130
38
1961
1261
524
1513
232
1781
528
1608
287
113
1689
931
1464
1283
116
91
877
682
1548
481
274
1581
624
1436
1718
1359
79
1593
53
1177
637
1312
493
1139
110
1790
1256
1085
362
1448
1567
1087
356
445
265
1609
1765
1175
1441
716
1415
1065
1081
121
533
1323
835
1178
369
65
758
635
355
852
224
13
1639
947
718
144
909
975
144
1225
370
172
1896
1091
1034
284
1540
1962
1189
1975
1219
1805
138
1209
1777
812
898
470
1078
207
1101
1372
1686
1653
1917
1015
198
822
409
682
1210
1159
1289
1855
1212
545
195
1457
1465
1421
1470
1757
635
1970
1385
125
766
629
297
1309
250
699
1410
1731
1798
1166
55
1763
1651
999
1390
527
607
1923
572
132
1379
395
798
657
1859
1633
656
168
1795
1405
1246
518
416
121
1545
348
39
1493
807
1726
865
1970
1385
1343
1261
475
1509
70
1312
1347
891
1446
1945
105
288
1205
566
956
1652
1167
1593
449
875
406
1826
1136
853
545
923
308
1626
1919
1821
1927
1854
578
1003
1238
1906
686
1515
810
1441
871
1201
922
691
452
924
176
1795
1259
1753
722
44
1961
1520
502
1851
697
954
341
1492
1628
901
335
1522
724
1110
1821
1769
1250
1834
1112
1013
1684
1689
74
147
1069
1589
737
1187
733
834
1778
1151
1256
1079
137
1786
956
1781
1184
284
1856
591
516
1167
1865
932
1321
386
743
815
1392
207
417
941
1305
1797
1498
62
672
113
1148
1785
782
1848
1995
854
293
576
1216
1375
1727
1823
511
1760
1929
1661
1944
1881
507
857
164
981
1394
1398
67
1202
435
1667
1611
473
1622
969
1641
1955
1541
1412
719
375
1767
689
1277
600
1388
1229
483
1342
1631
1082
907
1205
481
315
580
1707
1920
313
1279
767
286
1648
593
1766
454
992
10
1509
634
1468
1222
1442
1807
281
1153
945
223
89
638
1782
1229
1926
924
98
833
1721
1584
621
1192
1630
1452
637
205
961
804
316
1789
1339
1455
1161
1661
338
1017
801
703
1027
1413
1913
1928
1074
1820
1136
822
605
1037
1133
636
1469
333
1581
194
740
1315
67
1332
53
476
1916
1175
923
784
1772
1329
906
814
1665
248
1949
1829
29
1794
1273
1003
370
1130
262
1421
1059
485
9
1204
1916
1468
1091
170
1718
1805
581
1485
617
707
57
1424
511
528
453
159
1129
356
1711
409
521
1641
819
1878
1043
816
1097
719
1345
553
1679
1280
67
1649
659
708
921
1228
537
1064
1589
1542
233
193
596
1374
258
610
224
1349
1632
1868
1139
59
1807
1963
230
1946
667
1447
720
299
437
953
576
551
1872
1994
1548
252
1910
167
751
1559
1680
837
1901
813
1457
1857
809
648
587
1517
244
268
42
1609
1156
821
956
1288
1757
1358
1731
121
1248
1898
1651
1423
267
376
1024
336
819
251
947
807
726
245
1553
1797
1852
1370
214
1241
1438
1303
1463
1949
680
1758
350
521
1644
1058
307
351
1189
491
1691
856
1828
43
1753
781
1823
824
1123
1024
985
1451
1420
356
1831
324
749
681
348
1504
491
1014
436
884
1573
1604
869
353
1172
1487
1693
789
957
1111
608
265
851
811
497
78
1371
1547
785
236
1892
875
1793
1256
1011
818
385
907
1054
1892
1699
1906
1157
758
686
1881
1600
1980
1420
639
250
630
458
738
1074
1309
1794
527
906
145
1745
766
546
938
1156
420
1618
1945
478
185
1753
1931
1296
649
1539
1070
1587
116
244
1191
593
1280
1747
523
551
267
1356
820
17
1797
788
445
1537
1180
210
777
1273
1028
1655
1220
845
1451
348
708
1760
44
1344
1827
206
1987
700
632
1725
109
1136
1577
542
901
119
852
838
1
888
1547
1651
1401
778
549
1224
1915
1453
1135
147
496
1905
291
1513
529
1855
1255
442
490
353
129
1124
1795
1652
422
224
1401
803
1045
1017
1697
368
857
135
1735
1632
138
954
1825
53
1061
1221
1920
509
1594
1988
1750
869
716
421
486
1497
466
1274
734
605
674
384
1791
1920
99
80
227
1209
92
1103
1991
1691
81
994
1473
448
205
1870
1615
1902
1603
511
1015
935
1028
73
1713
1615
517
1627
502
852
133
1365
770
731
1692
617
1457
600
1415
536
1411
1956
143
1463
898
670
1665
727
1955
1335
1337
514
730
1499
1859
1835
521
1973
1994
1437
645
1891
1924
1259
1041
1073
372
755
106
241
1667
506
1121
488
1993
1353
593
1028
1217
1348
592
1224
758
1729
1614
1711
1196
1461
1520
684
863
100
1258
1812
264
1902
813
1614
1359
1259
705
1490
8
506
527
470
1799
1250
1854
1058
728
1523
1921
60
1587
553
1568
1979
1104
880
134
1525
1595
1985
352
839
807
114
1171
1165
1575
1930
1910
686
1582
1435
1253
1293
1667
1958
1082
861
1093
1306
1593
1690
323
770
1821
693
603
1972
83
215
1586
1957
1548
1094
35
1004
1704
1402
1355
445
704
121
1367
1532
1703
1670
1829
1144
1797
955
31
11
1837
74
1622
1421
1872
286
632
1151
675
249
1145
902
726
950
1001
314
1542
1803
1669
319
1541
1345
1755
1264
378
1196
201
585
1603
998
703
677
1784
1003
572
1215
332
1922
1091
1955
1838
1317
917
1055
185
810
1526
805
118
1517
1863
786
1736
1111
1345
1860
1615
1748
1556
934
619
1105
1158
409
860
676
230
358
70
1069
1387
1661
1241
1091
1248
1450
249
1889
260
1093
689
1662
691
1861
1654
1375
1853
1717
501
1467
1465
1436
616
819
1166
819
1336
1424
1397
668
53
506
1299
1979
825
1757
1519
81
840
523
1475
298
1358
1533
1513
1468
1856
676
766
716
1172
872
498
1915
1744
1941
837
600
608
1910
1259
1307
1874
477
1316
1210
538
1187
268
365
1982
1943
358
341
1172
1570
449
653
1583
1345
1990
1551
345
516
1725
1689
1423
862
291
165
1905
1641
376
564
1668
1877
1124
1070
1358
1880
1202
1802
1372
371
1590
814
1977
1332
92
973
67
1109
157
662
1650
1831
14
561
1180
712
365
260
1590
349
1810
911
650
1596
184
1756
1400
104
1887
1594
529
1183
804
707
43
1882
1405
1935
976
725
313
172
1569
1725
2
629
1875
1328
1313
1642
1012
634
972
168
1353
1852
1246
37
748
1779
149
254
960
191
70
1953
1418
163
556
867
1779
1972
388
668
307
1807
1247
743
699
271
1103
49
433
861
1300
39
432
20
631
965
115
1469
1629
1519
1109
738
775
1210
1039
1733
584
1499
57
1554
440
1436
252
1307
1024
1252
472
292
674
1269
1078
498
700
1125
1829
1335
1358
1139
770
1855
179
1057
1642
703
1329
1599
1768
1713
996
1905
1585
1037
476
901
1431
1653
874
1545
217
669
853
1893
457
1507
1099
333
491
1936
1388
276
830
1599
260
866
468
1596
1465
357
1117
910
1027
1745
1973
1447
1397
1415
91
747
352
627
473
131
1757
1402
1089
1057
1046
624
599
1744
173
1727
1705
1794
613
1302
145
555
1041
1903
581
1183
880
1629
868
1310
622
1466
1424
524
421
753
1833
210
608
101
557
272
1853
1955
1851
707
719
167
1937
460
200
1992
179
1219
1201
1013
548
1661
1174
1578
351
1934
1923
326
1295
220
1008
1114
327
623
1002
505
401
995
1160
766
654
1261
899
1600
1397
1046
1321
775
1916
181
719
962
1964
918
1635
133
1223
180
1881
989
1910
278
229
1055
613
26
1860
915
131
1793
137
673
893
923
44
1047
85
807
811
701
221
1733
1199
379
674
1541
816
898
364
1223
1841
1930
368
1554
1067
1213
1245
1809
1555
991
1395
889
1742
1219
1310
697
486
1869
246
1523
794
953
521
1681
1803
710
1283
1673
574
1029
903
1502
1350
1300
518
920
1389
986
699
1737
1553
1576
1878
1166
584
1013
1863
857
1222
1602
767
341
1514
1573
1640
1450
106
727
376
1841
1951
980
630
1523
13
656
8
581
1606
559
835
305
1718
82
1961
322
758
767
350
690
1114
19
26
1085
1197
1691
965
1990
1395
1036
1643
1842
1362
1635
1377
1354
256
438
1518
650
843
752
1976
1659
371
31
562
337
110
765
1173
1915
852
1135
623
986
1289
663
819
677
683
841
925
1037
129
526
430
639
647
1067
1181
1117
1338
253
1647
1233
202
1193
909
1160
1408
1534
1893
1049
441
1847
1889
261
52
467
782
1187
1422
176
1714
1441
348
469
1392
1120
1167
600
1479
67
1799
300
1556
1200
1632
1638
533
1071
1427
395
252
596
1472
1676
1688
783
82
258
891
1628
929
859
907
342
863
653
2
1948
1895
1905
708
347
633
1730
1048
963
182
296
1667
863
541
532
667
1862
593
1129
1764
1186
1817
30
1212
1397
54
1386
929
265
776
1537
1925
609
1053
1436
917
1112
1434
1090
222
280
834
788
980
1132
168
1759
1231
1414
448
1256
692
1829
1139
1648
1886
648
1982
1216
1571
1263
1144
138
1569
1795
1945
256
1048
542
90
1926
1781
329
24
1374
1347
1628
453
557
1786
374
1547
613
1798
1663
1519
1259
718
155
203
388
462
73
824
878
215
818
1597
1568
102
941
559
1725
1681
102
1866
708
1970
1116
1581
832
1749
1723
464
38
566
1981
1180
849
1761
1241
1076
9
921
717
436
1517
966
1980
1016
432
1677
411
1172
933
1933
937
1614
1851
436
553
1417
524
866
1509
85
1649
1017
633
638
347
1350
404
989
1452
1718
279
754
1313
1616
1325
981
810
672
333
592
632
1002
1191
1181
1150
1141
1863
1987
439
1496
1354
704
462
1629
1606
1582
1026
1027
528
835
1493
1789
1084
1008
798
630
1920
708
867
573
547
1063
189
681
1000
799
1037
1335
1674
295
770
1685
541
1103
513
792
189
350
681
944
1330
830
1016
1804
1652
335
1246
1045
1969
829
1357
60
1514
1121
1621
1124
900
1245
1997
368
774
977
478
979
1819
341
1048
110
862
1404
980
1643
905
789
60
662
297
1949
93
1373
1755
1418
596
831
937
223
704
1747
1082
1214
1299
1800
545
1998
1318
1890
1691
1570
26
1408
262
918
309
601
1136
1349
1812
127
1001
1129
475
483
1793
1218
1089
989
116
2
45
326
465
1457
617
1495
405
960
1580
422
1629
824
1502
311
1216
1112
1013
560
1520
1600
1309
525
1833
1324
1575
543
1381
328
1399
721
1544
1944
410
1064
1425
1948
416
24
124
1889
1230
1191
351
566
1528
560
1085
317
787
2
1190
1323
420
1703
1701
782
1443
1
376
1503
168
1992
11
301
1044
464
1140
77
403
1002
757
1487
637
826
378
211
68
646
606
348
320
421
1305
659
987
843
783
495
1683
116
127
1015
1873
1295
1761
1502
1494
1914
853
82
1868
1434
400
1976
1791
881
743
558
753
1400
1600
1092
195
399
1742
1769
220
991
1144
943
1085
827
933
1910
370
1400
1988
152
1353
741
787
1329
1866
1275
779
1202
1394
1744
429
929
781
1628
429
1571
999
1456
1357
105
1001
837
584
1062
1074
848
1990
1439
800
1772
1535
1382
657
1517
1273
1062
1042
1982
1736
120
541
1903
613
559
1377
1636
468
378
840
603
1650
256
589
123
1645
1305
971
331
1961
353
60
195
1238
1102
1438
1071
1604
1251
540
288
619
557
1983
1951
1877
678
1739
424
518
778
1482
498
1627
1615
633
1249
1340
472
1168
1692
836
1308
1204
1065
250
321
1162
1930
1760
408
1285
335
1928
1039
411
1194
1748
339
884
736
295
589
894
1530
990
462
1695
1160
1365
41
570
571
527
1116
518
853
1847
1790
1211
994
369
1385
935
976
178
199
199
1879
1573
110
1583
1487
631
1247
326
797
1676
5
488
1264
80
1534
72
818
786
908
630
1477
650
1923
90
1084
331
1591
1298
395
988
1367
1291
618
1464
1666
1765
1238
1926
1194
1393
201
1946
161
218
211
858
1836
320
1989
464
430
1167
67
599
1360
1223
477
1409
1719
1368
1043
156
958
189
1966
1078
101
1394
923
153
1347
1659
1120
1795
1409
1276
1117
521
995
557
40
41
1813
255
1749
459
427
786
727
260
600
215
1016
462
736
1357
1192
938
343
3
855
767
751
976
341
914
1406
1217
36
53
734
1741
1316
1597
1726
750
102
1752
1607
1804
1224
1808
670
1001
1074
321
857
1536
1922
110
1641
676
1225
1165
582
1809
915
1066
1136
605
639
445
1568
401
135
1567
1380
292
796
221
209
527
281
1892
1452
1514
1894
1029
82
430
806
1415
642
369
522
503
497
1474
1252
1143
995
1775
539
131
1999
1459
1805
715
458
1685
415
67
533
16
730
1217
821
679
449
806
298
1118
443
515
1418
534
1157
1065
1056
383
39
187
1043
374
1637
1814
870
635
1891
1407
1282
1961
1541
1820
1947
1655
1496
1277
18
1226
17
1766
40
911
1785
1378
859
1379
111
13
663
866
983
1903
522
726
354
1433
1348
1855
533
230
818
185
41
56
1627
635
388
93
651
121
1984
1216
1891
1292
795
1226
722
1893
1155
825
1108
559
141
1557
1876
882
1833
1856
457
36
1533
1296
379
899
863
1480
593
1946
1064
1234
1829
1762
1748
164
979
1004
295
1943
629
1645
1157
969
1698
1460
5
985
916
1502
1981
1061
332
649
1759
1374
653
1233
1070
884
1850
872
563
1469
222
1015
1402
105
1523
1246
4
405
405
977
197
823
86
1073
1061
773
863
1597
1821
50
770
48
1416
836
1220
238
1962
92
1457
1730
906
1971
308
1715
1978
1340
590
1948
1085
1669
910
1221
1328
1277
1941
1535
1338
116
458
151
1669
1773
797
1953
1754
590
390
1272
1877
357
1200
745
1472
1138
344
414
1374
1111
857
1329
441
1398
319
1140
207
1728
1673
1539
680
511
1641
524
328
1421
315
1364
1899
456
1324
1873
1570
920
1501
56
814
1424
1241
1604
1223
1980
352
785
1201
154
1754
12
1620
599
212
398
1763
633
565
761
1885
483
1530
523
777
1501
1091
1230
1456
411
1880
292
35
1212
1356
964
443
1339
623
607
1084
1260
347
940
1525
327
1714
867
768
1900
795
1500
121
453
98
1113
962
1305
1093
681
1475
792
1944
1159
643
1839
83
138
1913
1633
509
9
1890
1124
422
1178
1440
1710
292
1995
1833
1025
1258
519
1296
1457
1371
776
1865
1545
1556
385
1960
1820
1053
716
1550
1718
1457
454
983
28
1922
788
214
434
1882
1676
1354
1161
781
927
1001
1074
1102
573
811
701
449
1087
720
1026
239
1741
1113
1145
315
1499
1191
1199
761
1312
1053
1732
1977
873
562
868
1876
743
554
358
1340
1434
357
1543
638
389
202
386
717
1557
1909
641
833
1178
589
1779
622
213
335
939
1273
362
1327
605
1412
241
1173
21
405
668
1203
1464
172
596
1215
1193
1735
617
1918
570
1486
905
730
692
152
1340
1880
633
381
1974
1962
545
467
1308
815
957
1245
506
1317
1233
162
290
968
1421
1892
595
687
1488
1578
1753
831
1424
1919
1276
1678
644
933
1421
134
1534
1577
1084
233
1601
689
1207
882
1989
5
659
235
641
1838
1643
1577
1149
609
454
968
1739
399
446
173
552
1335
272
1253
773
167
611
741
1999
652
1171
50
1546
243
1312
1897
695
530
687
1389
63
1401
1168
222
1644
1735
989
1687
1706
832
1578
643
1523
1603
1024
1188
1328
961
1047
1350
1985
1537
1258
261
1213
1603
473
524
559
1069
1710
1181
469
1795
544
1738
265
4
885
1065
173
210
1597
272
1770
1636
599
1331
458
903
1891
554
537
859
65
569
1109
1706
942
776
541
704
1578
1539
1229
1722
1593
1352
1521
17
1725
255
1248
451
799
278
1097
573
1791
407
1919
1450
643
656
215
192
1292
1677
561
1436
1345
1301
22
1886
817
297
1496
918
788
323
1520
1513
1457
1878
726
1077
1701
729
1196
901
1085
260
301
332
661
1465
183
1530
1298
1205
1719
524
158
1891
830
41
1730
1735
764
1615
480
1286
580
1966
1521
609
406
1861
1675
1825
1624
1877
193
12
1274
1166
1886
916
118
1197
1403
745
140
1836
1633
416
235
1709
1423
368
1625
1802
70
910
421
490
805
1216
299
1444
1652
1022
1033
1853
1971
96
153
764
1441
1450
783
781
814
31
817
222
1142
309
785
1636
1051
1778
1500
485
682
5
1406
713
783
1643
1589
1829
924
1273
723
1292
1376
900
401
1320
1906
1345
1690
1970
119
1421
1745
676
44
1327
1805
1369
697
791
182
25
588
1970
485
520
1226
1184
596
1514
1185
871
1020
907
1816
953
826
1796
589
841
1678
1206
197
1134
1078
1178
1735
962
1406
1879
933
1852
1381
1834
1403
1895
485
574
896
676
1371
616
1230
1761
121
688
937
635
1770
1761
1949
407
137
153
130
1115
747
1829
1396
1520
1054
1152
923
869
27
1601
1405
1766
734
1269
671
1955
784
1691
1044
192
1709
1411
403
1851
1582
449
1115
1996
296
206
1838
812
1181
945
257
1638
1525
1971
1757
927
1348
638
1641
1338
1403
1462
749
905
909
1245
1980
1173
15
886
639
731
1747
1447
867
177
325
254
987
817
128
1991
1919
387
1539
327
809
1761
1799
454
992
573
414
949
1489
1697
154
1856
429
1732
736
796
924
477
1413
218
548
1840
683
1401
1431
1213
1778
64
212
1547
962
1826
884
1013
1844
1940
1784
1820
1856
725
208
1877
1105
1049
941
1951
1742
1196
1770
1709
1357
1482
1022
1643
252
1249
359
459
550
1486
982
1194
465
1146
90
1671
404
781
1273
502
1718
439
1775
1683
1224
772
1039
1866
463
1712
1016
856
535
1573
547
1080
152
1778
208
557
1341
401
504
305
1563
425
211
823
899
629
565
812
1734
1276
1205
608
1947
222
327
1695
1379
217
811
1058
1404
409
190
1365
1577
1340
1445
147
1821
911
1264
1126
864
846
457
292
121
1901
861
1923
782
1760
1959
671
1400
921
1064
900
87
565
1336
1488
397
389
956
1197
1432
1220
606
95
1655
911
1580
577
415
297
933
1102
1006
772
909
1462
817
776
143
641
1733
313
86
771
1376
365
992
1231
1217
1770
920
521
35
56
835
387
222
1941
1401
206
1004
487
773
731
1263
401
325
267
1662
90
1103
1641
98
974
530
1034
16
245
1481
843
78
638
431
1481
706
981
624
353
1337
1405
1559
699
982
710
571
236
1642
79
1450
1529
453
1828
281
773
1029
1640
825
1464
1684
527
591
104
717
1947
1605
770
1358
1455
938
452
67
736
49
1312
201
224
1945
1521
206
339
1177
16
1909
1029
1531
1867
1824
1670
1135
804
585
567
1702
1528
253
103
330
788
355
299
375
16
1988
11
365
1598
316
529
1292
1118
1391
15
1677
930
1234
1486
1413
811
1615
738
577
1229
947
1303
635
1582
815
728
1714
1068
886
176
1343
1877
1334
1301
471
1249
1268
232
1817
533
758
1148
1548
271
1441
127
675
924
686
1873
1842
1855
297
1628
1757
1674
1118
1757
782
359
1954
642
711
430
517
1734
1220
1379
1008
25
1730
1460
1785
1796
319
1585
1077
1477
699
361
1370
1362
812
1999
1769
797
232
1174
1604
176
965
460
1373
272
1235
95
1478
1910
790
688
356
1492
1358
192
1842
1295
1578
1593
10
1039
322
1055
621
1232
1541
364
981
1438
398
110
143
1722
1617
1034
1377
1725
1083
1881
1377
546
1602
397
1770
1041
1620
776
505
903
289
1331
119
1555
647
839
317
906
717
566
1497
803
1829
348
1405
947
1297
1460
810
1196
440
873
369
727
1519
551
1805
602
1082
902
1491
944
1094
545
1493
387
1547
219
254
1151
683
437
1403
1393
1732
1990
428
1147
1129
1161
1354
678
1004
1978
1772
818
1918
1434
1753
215
665
1307
1870
393
1918
843
1706
1276
1118
668
1874
1465
1273
553
1623
1593
161
1621
747
170
1904
1211
170
1916
239
538
1039
1453
230
1034
1733
587
1225
50
897
727
441
1917
1083
1831
1159
579
932
1484
357
1835
891
1231
1199
880
1913
516
1680
1168
1033
1201
1624
153
1013
956
354
1086
760
397
1892
1411
794
989
645
1721
1945
1701
244
658
1473
398
1770
1932
715
331
1852
727
437
448
313
1965
1406
1828
254
1082
1645
1793
452
1062
1043
1345
619
1163
982
800
146
876
553
923
1232
433
410
430
599
1071
9
723
1291
1683
1522
92
1966
325
1067
697
316
1234
186
741
1998
605
1152
1213
1328
1274
803
280
1570
247
914
452
1670
1633
1233
149
54
431
1412
890
1578
1790
1784
1132
1390
1028
1277
477
614
1649
1520
1145
1872
1525
1277
1848
90
1952
1192
1631
1838
73
594
145
1601
1520
1210
1143
1692
1719
909
528
1559
1667
254
1429
641
781
1838
1053
189
517
1475
1363
244
1573
761
1358
1490
950
837
509
624
1385
1103
1476
1085
116
565
137
1765
1388
587
527
367
369
1407
29
103
691
1587
765
1384
723
557
205
155
533
448
459
1120
180
1529
887
962
1399
1484
1389
1079
901
1845
494
865
185
716
756
769
1652
132
481
1605
1702
1517
453
1420
88
1087
1768
20
1227
1324
1999
982
942
431
1929
870
1239
283
341
538
783
9
1714
532
1681
991
851
1869
1626
1242
890
1660
1493
1349
1029
837
1100
1028
386
160
755
1673
1489
83
1038
1456
487
1588
1341
1309
571
98
324
395
1006
1286
1001
1945
1581
163
159
429
578
1502
1830
431
1855
916
449
1960
1570
621
1148
1133
1615
399
1584
1307
1446
1665
333
109
1334
1250
1973
546
160
1418
1380
678
1577
1361
1861
1028
909
335
1186
1411
250
300
1652
861
1907
607
1267
278
1377
345
1622
181
753
101
1925
1005
1814
1626
273
769
775
744
1007
1826
550
1505
539
1190
558
510
889
702
603
1793
529
864
1202
196
1525
362
1558
1189
458
629
1068
757
231
1001
1437
1629
192
869
1586
1309
1366
917
715
1087
417
9
742
369
1341
247
755
1964
1845
809
1980
1310
1098
765
1273
1988
193
815
1012
429
395
407
1403
1704
741
213
933
1603
773
1748
1685
794
515
1849
1216
1355
907
968
1377
950
1682
1645
1224
1413
878
1669
506
1796
1006
574
1582
179
1841
1572
1464
238
1475
1866
1381
1918
476
1783
1928
1037
1742
1545
419
254
1427
246
1696
1515
1765
1605
767
1893
1799
869
1949
1909
1611
333
1334
1766
1909
1015
521
1747
719
1893
1722
981
1750
378
158
61
1381
641
21
326
974
180
1335
923
1380
1776
452
555
993
995
699
1629
1280
1259
1395
1316
1787
1708
308
1425
1233
551
1878
913
377
553
525
1142
1659
1571
1469
1787
188
1783
1673
298
839
810
158
935
1545
268
1199
1814
794
1971
1494
335
1924
1782
1447
790
1951
421
544
1860
1958
1324
1899
1012
177
1382
1181
644
1829
1321
398
741
182
1010
15
1107
1994
1365
761
1017
722
232
1184
535
1261
554
953
1882
1762
1476
657
1439
1569
1982
1450
791
1167
1297
660
1694
1575
1089
165
254
265
1152
1501
1118
448
1486
716
1454
87
140
170
1264
271
1092
1710
1411
1784
1332
218
1669
1010
1667
875
1084
1901
677
611
850
1687
1909
1419
636
729
1468
740
74
191
1770
1999
1984
1133
643
177
825
1753
203
1616
768
215
85
1974
135
1478
1585
1073
921
1719
573
432
352
1865
65
250
1392
851
1579
1705
126
893
207
1359
1377
185
1905
1775
1461
1708
268
376
283
758
1880
1220
373
722
1234
824
1676
240
658
548
1672
1133
122
422
369
963
968
877
548
842
1406
1271
451
829
1953
610
1249
336
1350
1772
1941
808
573
83
297
1537
653
1537
473
946
1421
1008
339
1437
1145
1082
1849
1833
33
709
1984
1187
883
1065
1421
762
1702
843
1235
1289
229
1403
502
945
1142
1256
1048
1787
837
706
873
1232
1261
1439
343
233
482
1462
472
955
962
1460
417
761
45
1289
1263
1045
1075
710
401
777
672
539
866
136
490
834
723
407
780
1136
1305
1645
1288
805
335
571
1609
673
1820
107
1137
433
1251
600
581
1144
1625
417
905
1043
1340
198
628
1671
1291
1445
1696
551
28
1859
1689
1874
1553
1052
1595
1524
16
1925
1096
794
260
474
1291
528
392
589
1463
1263
529
741
513
1583
218
1005
966
774
789
1325
934
512
1087
1668
545
1078
1823
416
1394
113
1529
542
723
479
1763
1703
1337
1876
517
593
140
605
348
7
858
282
856
32
272
642
414
219
1206
1727
1043
175
241
84
899
481
1035
179
1935
426
627
1269
496
495
56
21
925
984
1623
163
1693
1130
495
1839
559
709
665
1581
779
441
1889
1989
1277
89
1300
349
10
1953
1781
42
685
438
1105
254
1558
929
75
1753
113
1440
733
332
1046
1260
1126
487
200
141
1731
987
701
1234
557
240
746
947
1919
1318
1781
641
544
945
862
672
1032
1739
15
439
723
1768
479
331
195
885
1231
1021
1163
234
1293
1844
456
720
722
717
1861
920
281
1417
929
1916
279
1363
409
6
121
1445
887
927
906
1722
1838
1815
1724
1315
524
1337
1661
1211
1160
1507
612
1019
1781
14
925
538
69
1334
441
101
353
1070
1706
1114
1572
169
305
1684
398
61
991
1086
1564
1028
665
1781
1934
1835
718
211
407
1641
260
524
765
221
1467
191
1625
32
1976
1848
1056
1045
877
1259
1291
907
1012
43
859
728
1258
637
577
685
1927
171
143
1765
1741
256
1238
895
777
1725
677
1833
221
266
573
1307
443
1977
1189
1907
1404
1225
307
1313
402
262
1062
982
514
1158
1547
1280
1899
1043
461
605
612
1768
525
1453
470
592
1740
218
287
704
1773
938
926
579
470
707
1542
728
561
1984
1953
37
441
653
1880
1241
1085
134
1937
353
1013
1221
1733
107
1058
1775
1972
1364
1306
163
184
1399
920
287
169
849
452
536
1148
1213
1854
942
664
1573
572
1694
500
1751
1564
1259
1060
1378
86
178
1490
1930
1753
1574
1193
1379
1269
1578
1149
1803
973
1323
979
1169
300
1749
889
829
46
1136
993
1743
206
768
1204
1081
200
1340
1729
1513
233
1911
534
554
1722
1121
1031
1861
1979
1071
1418
1939
426
734
549
696
1116
264
1084
1973
1819
557
839
213
1262
819
242
1457
991
718
337
1910
652
319
1357
583
358
383
1919
727
863
1101
1000
1829
532
1343
437
1055
615
1079
207
1719
682
1007
255
830
675
1372
1751
1460
1835
1430
209
867
578
1556
532
1590
1100
1674
1875
971
305
851
1007
275
1957
618
233
1249
169
542
43
981
8
1234
1710
1423
1410
42
597
1679
1733
1117
389
1385
873
1305
1072
644
1461
1260
863
557
1715
1121
1835
314
1589
1896
1413
1649
1676
1219
1785
1311
821
1945
832
618
1379
971
1296
685
85
1000
1720
337
1144
0
1990
1647
460
276
1386
1111
1930
1034
1711
1928
577
9
1718
634
266
73
90
1886
1416
1175
558
1893
1827
217
1660
1105
921
1101
869
433
1323
189
433
291
1577
354
643
1296
123
1880
721
1823
948
1336
1467
158
1161
1230
1664
539
1763
1432
843
1406
50
548
112
274
399
81
1150
1773
1683
590
1753
1123
1360
737
611
1940
17
1267
43
1568
1539
889
464
108
945
1298
719
356
653
1384
1877
1189
258
836
1670
918
1654
703
1755
1552
586
181
1691
1307
257
1499
1619
1572
1208
1094
761
283
1782
1718
1398
117
1973
377
214
570
1464
1991
1920
632
1297
564
529
997
547
1678
1673
1785
307
416
169
1968
1628
1522
736
177
665
681
1824
1961
726
299
1352
938
1224
1392
227
1301
23
1620
437
1450
1301
1521
306
430
1643
1685
1797
698
1583
0
669
1347
1778
694
760
1504
927
961
1551
432
546
1955
539
1684
469
1437
1994
983
1550
1641
503
338
17
401
1073
694
1043
1371
703
1297
1337
132
1319
988
1045
1765
1816
435
492
1728
1206
312
1657
1354
1005
379
1255
1379
735
1555
1796
859
850
1081
1397
695
1711
1725
857
1352
1379
337
184
1896
1092
512
759
1878
1735
104
772
591
65
1434
757
1989
865
1593
1070
1232
509
1553
1604
1156
1205
305
443
1337
1104
996
1137
1347
399
626
255
368
1934
368
237
577
708
1955
645
283
1113
1706
1013
401
969
1955
596
1224
1500
1857
888
267
694
992
528
292
467
321
344
1923
1393
145
358
1051
1750
1144
201
236
289
1857
1760
980
1285
648
1049
913
574
1221
1583
678
624
106
562
164
503
1169
1467
1045
652
528
800
861
175
272
1118
97
819
1250
313
235
790
1485
504
1326
236
598
1428
456
1305
337
81
621
1777
1031
1330
1469
30
860
371
1461
1481
125
1190
333
5
434
961
1893
1914
1957
724
233
277
101
1885
925
129
1465
140
1625
1795
891
1889
1288
319
1283
1025
1203
726
311
1703
747
1349
1901
945
1925
651
789
21
1529
1953
943
880
1396
113
905
1073
1957
437
574
535
224
1839
157
1761
1936
848
1221
1246
1669
1800
17
677
757
1371
845
686
1792
1141
1975
1912
1493
849
961
1390
1038
777
1061
1600
1930
1849
1688
1148
223
295
839
1445
1479
1448
176
1889
1243
425
776
1777
85
715
910
376
1148
1010
791
1660
1861
1557
469
1279
1444
1504
766
578
413
1586
1145
105
1965
1647
1253
1889
1450
224
1998
323
1993
1765
96
1760
1205
819
1169
162
269
451
588
1160
644
780
1109
682
1473
1612
1091
1872
785
314
429
904
873
280
336
1381
1411
1256
1079
863
563
1625
774
760
1168
1697
8
1398
501
1712
649
870
1488
1038
1326
185
779
938
731
1680
1367
1888
164
1482
872
1969
1641
1290
487
641
158
388
975
1239
1925
1834
415
260
473
1561
1946
796
105
885
1910
1113
313
784
489
1849
100
559
829
221
363
1151
1189
795
1419
661
1264
1325
122
1901
338
196
1343
1274
1823
1358
1598
387
1151
1931
1478
816
760
1271
361
109
1709
1223
392
1953
979
327
1104
1440
456
883
1282
705
436
1789
1511
1424
652
836
1212
1093
1630
297
653
13
611
1289
1357
605
590
900
1560
1305
924
873
660
443
372
245
397
30
1793
758
214
102
768
1531
1450
493
220
170
104
770
1170
1942
701
278
1484
1988
99
1610
1895
1240
248
365
1742
1075
1254
272
1575
593
689
741
1823
860
697
1223
1578
1616
983
1964
429
327
58
490
827
565
590
1075
279
1925
1757
601
1189
34
1754
608
1389
975
1509
80
1693
1808
1825
167
148
1316
555
1136
1769
369
908
1011
429
13
1774
747
1631
941
1533
1383
1641
150
43
150
1761
548
195
1187
907
305
323
858
1893
968
398
884
986
1136
1593
1134
1529
626
1412
501
835
416
520
107
1284
697
677
91
1152
1787
1805
375
83
1691
1448
551
1499
1887
692
558
266
482
1658
175
1858
272
207
260
1257
1906
977
1431
63
252
1604
1852
1586
814
1754
1467
1522
1178
193
577
898
851
1137
153
159
1316
44
1633
1714
1957
818
98
1858
976
1620
162
1604
28
1633
1357
1908
1270
1590
1846
1461
1589
1181
1194
263
880
768
709
1558
945
1809
1253
625
818
1559
321
1106
1861
1738
434
1310
1895
529
734
1269
1580
1386
1998
1797
1268
530
241
143
832
1569
831
1264
1955
740
281
444
901
1691
1
1891
361
357
435
1953
270
1500
863
123
803
449
272
1762
218
924
923
1715
425
1755
1170
500
912
1305
938
1394
1125
1135
1995
363
1680
749
509
1283
428
516
1482
619
1682
1152
1630
1493
598
966
1271
1645
1114
972
133
1092
1718
1281
419
328
1808
1010
1422
1538
999
761
765
504
397
1097
1313
167
1259
1862
1531
506
1388
293
1404
103
287
1313
959
1857
1703
213
1022
1836
158
948
1090
1216
260
1493
108
414
116
475
997
1682
916
1683
970
1505
191
185
1705
1339
25
372
1465
1029
508
1625
767
1778
943
770
567
963
970
182
608
1219
1901
680
1157
857
948
1373
591
1289
272
1497
180
1857
896
163
1401
544
680
1118
1700
1554
1050
357
1324
1280
406
1945
1927
1581
1290
865
1584
545
233
468
1336
221
1678
1012
1057
592
774
773
354
1937
320
1056
886
1534
207
1497
1587
45
844
1453
1789
9
1920
402
1293
768
1178
1323
1037
1256
1076
467
1860
1287
1760
287
512
619
1329
13
235
1201
34
1065
1622
23
1812
922
449
416
1544
1909
1590
1267
89
1348
1627
1172
1073
857
439
654
1274
1742
525
1361
518
1205
471
564
19
306
905
704
412
1372
1257
678
793
791
1627
1707
1882
1659
1659
399
729
145
931
17
83
1352
1097
1177
1565
1507
326
216
1980
1313
1707
1313
484
1127
541
1296
970
1463
583
871
1413
331
1179
1125
519
1859
710
499
903
928
1551
1689
503
1761
1765
988
1940
377
1085
1051
832
1291
705
1881
1678
909
1046
1228
144
229
1873
191
823
1510
524
693
563
1630
611
467
964
665
919
1984
1303
531
1584
1719
3
121
1745
101
1666
1378
813
778
186
1313
867
819
514
881
1946
1820
733
883
1280
333
283
635
1224
1941
405
1439
1980
1557
251
154
717
1094
1470
1910
157
413
1307
368
1782
1518
973
1173
258
341
1861
1545
1499
1473
347
1038
199
1322
697
434
1394
1930
1907
432
194
605
1822
1871
1523
1898
1365
1949
1315
557
1202
518
1584
36
1838
1431
501
723
479
623
909
885
1514
86
697
152
1729
1593
667
1862
1853
629
1983
1293
30
406
985
1484
85
1170
1745
1993
1422
874
1832
389
551
1707
1284
659
397
393
1944
883
503
1507
761
1147
635
158
853
57
1196
1429
237
1009
642
1031
48
953
1967
1177
990
374
1724
333
1674
13
573
1139
958
497
1996
508
217
1513
1973
160
475
533
268
1562
983
1573
1294
1561
759
1784
1497
440
1862
1439
1615
62
233
76
1038
1115
1297
284
1661
546
907
1286
1480
1659
489
242
1379
677
483
1875
576
1792
654
1279
861
1399
1077
1425
676
1775
1944
264
1272
299
858
1842
1311
1941
1714
1664
74
1191
869
756
962
1571
1684
358
1054
326
217
297
850
1209
476
1819
283
495
739
1963
415
1812
1765
1491
406
1056
747
1584
407
643
1513
476
153
1124
1788
1581
1340
321
736
773
584
1796
566
1916
892
902
204
1454
1730
1216
1854
590
1605
1301
500
1529
974
599
1040
1292
838
163
1331
1185
1493
632
628
218
1100
1226
858
1497
44
1421
105
1550
353
1793
1419
1654
653
491
1091
925
419
1396
1065
118
592
564
541
708
857
1700
1770
1072
1729
1089
484
1625
1082
378
1607
1075
431
883
1915
590
23
1231
59
1271
500
203
917
1256
1947
641
1289
650
1481
57
477
320
345
1341
1934
1673
686
1626
1824
1732
1068
1109
699
153
1412
1245
261
212
481
1113
1527
1260
1259
1860
640
791
1735
1495
705
502
479
1998
1933
1643
1900
1072
1082
989
113
1884
1323
884
945
1828
342
654
966
404
349
910
857
1162
1202
933
700
54
750
874
1338
1315
1605
373
523
179
824
1629
616
816
405
1662
845
231
617
879
1977
154
212
1650
1769
1958
956
1144
795
989
1421
1657
1912
1885
590
1090
726
506
1205
1791
209
565
1425
1938
1515
1845
1821
1875
1877
1254
1288
211
299
1654
1640
57
793
77
1150
388
570
241
1097
1718
449
1208
1691
65
931
1566
556
90
1421
969
702
1886
679
90
1205
1015
1568
792
380
1610
153
22
211
6
1444
1551
1980
789
1056
1330
955
1301
1135
1991
1253
423
665
727
678
1177
1172
1760
1399
161
827
873
953
1974
494
1055
1589
1345
793
537
233
573
171
605
787
987
1280
165
1260
1343
515
130
1840
1297
409
1634
1738
106
57
233
1301
865
1994
1205
1284
1974
997
376
1381
1348
1168
372
1653
161
879
92
910
81
922
866
908
954
792
1738
1962
389
1156
804
527
1679
501
798
180
1890
773
1442
516
938
462
1050
1455
1637
197
641
561
33
1756
1089
191
749
1380
1005
1205
1472
97
789
1115
1385
948
925
1298
974
1579
1537
1498
935
945
1571
1553
1046
179
788
1789
1378
1634
1776
452
901
1463
164
572
272
1800
1293
488
1403
1503
1571
1333
1963
884
515
1653
223
1799
1968
1443
1081
1534
933
465
1301
696
451
251
170
836
65
1882
270
82
1977
754
524
1466
1747
1670
1070
1951
1879
1412
538
1305
171
1714
1758
1007
1910
304
54
485
1206
355
1319
277
277
469
406
1179
1649
144
1837
5
1046
1003
1768
870
409
1797
1083
1038
988
975
943
1182
1680
1100
763
429
400
1124
113
243
516
294
491
1358
926
1655
908
213
477
64
630
85
1911
573
258
795
400
800
1430
1415
734
731
426
39
776
576
1647
587
65
1734
1509
333
1312
593
1428
1033
1732
1336
1109
152
1952
1541
832
408
1521
392
962
1130
1622
1460
1017
1273
1094
1405
1334
434
1146
268
1403
1355
1048
41
901
1457
6
859
1915
65
858
466
851
1537
1100
1443
257
731
1467
79
1380
1953
1460
1128
604
1683
1765
1467
598
1190
1262
923
1990
1042
1994
1356
1821
465
1668
1521
1032
1863
581
285
673
696
1419
643
547
1747
1862
1213
833
1353
678
940
83
381
1772
663
1923
803
987
889
680
239
1005
1541
1626
361
1817
790
68
597
1397
1955
403
1100
695
920
1577
1875
1819
1891
1539
1163
1773
949
712
29
700
1871
19
1437
1680
1917
972
889
722
110
890
1785
1660
1787
1718
829
1432
1820
1213
1496
1255
1250
40
101
799
1388
345
1860
949
403
932
432
1265
361
189
1107
496
1597
454
449
1289
117
597
407
284
788
1695
44
1783
1317
1475
174
1317
1247
1152
746
169
622
668
1949
1119
617
1215
623
1568
171
981
1584
387
1899
660
223
1442
1935
1885
143
332
1717
1911
1029
1691
380
1962
326
1307
422
1618
1738
1267
831
1843
480
1705
1158
285
953
229
1389
1202
1765
962
608
1016
1394
991
1685
1758
431
597
1982
217
1051
801
603
737
1289
551
995
1972
917
149
287
698
255
1895
969
1772
1235
267
445
610
1954
777
121
1000
263
776
139
935
1595
572
261
56
561
153
1521
513
1143
1110
590
1037
1507
55
130
1828
1154
92
947
104
889
1617
951
1374
1117
953
233
1857
1924
1241
143
1500
752
1000
1568
701
1516
960
592
1621
1651
1119
1557
453
822
933
774
18
1705
1770
69
199
1444
399
656
1796
1370
1331
1679
821
363
979
1640
942
1696
435
157
1325
1361
1004
284
677
1441
817
966
521
713
1362
221
529
1061
1739
1652
196
1546
1241
377
769
1215
1631
1018
1568
938
1285
17
664
770
853
1523
1488
279
1945
489
1440
838
496
221
1878
1066
454
808
1559
1537
1163
1199
1052
297
33
1185
1048
650
1340
791
72
1601
1489
1641
966
954
1447
884
860
1177
108
1412
1641
341
421
313
1874
1262
1226
1431
1807
1063
1701
114
309
893
1806
376
203
1749
1911
177
47
1144
123
362
1880
1136
481
1029
1493
1674
565
36
956
781
1869
133
1974
309
1701
927
462
429
665
1277
1045
722
1751
1666
1350
126
698
1718
456
217
559
538
994
748
1239
1122
571
1485
586
407
1338
713
1301
850
1077
789
1667
630
818
677
1470
704
670
778
383
373
1436
1377
1447
133
1590
1375
1866
1435
626
908
386
1481
1170
1153
1668
229
1865
113
403
1790
1343
1032
1253
1703
1469
1969
963
288
1326
725
1015
236
110
1401
1832
356
1421
1657
954
391
1531
1770
591
1229
1440
749
1508
1910
1493
1252
348
1569
1871
1685
1353
1627
1416
963
458
1648
773
1593
1901
693
259
356
772
1958
839
941
1983
1588
1791
1609
705
60
1904
1201
33
345
1956
1739
1274
1573
781
1355
793
1833
921
633
970
1403
1118
1456
759
1519
1433
990
1265
1709
635
892
818
1535
1696
1548
1909
839
740
701
752
969
1285
53
1806
139
1037
1030
1705
291
840
527
537
23
1523
1890
253
1306
1387
1458
119
1990
1240
1277
1942
578
125
1530
1389
293
601
457
1355
1028
1935
1592
1086
1812
1367
540
1499
89
1926
1402
1763
1067
1705
566
1862
798
134
1104
1355
1499
784
757
1178
1699
1490
307
843
855
1291
1436
287
6
1432
1144
667
991
339
20
1049
974
169
1496
409
707
823
1211
1341
3
669
395
1093
401
489
1946
1375
1719
937
1454
1443
1961
1441
779
1766
632
314
529
1900
1317
569
1353
1005
1979
1246
1583
1964
260
1381
1905
332
1645
1211
572
1366
789
1394
319
578
891
1733
1785
688
1207
441
32
828
681
917
697
512
1376
1306
554
763
393
1964
381
784
501
339
1568
1591
704
866
378
1503
1615
130
1285
388
268
91
1193
416
1840
821
921
725
216
1917
128
866
713
244
1436
1288
1077
431
341
1852
1740
347
840
1218
1797
581
844
934
678
174
1510
45
182
1881
1421
275
896
705
457
566
1480
454
953
1019
1804
893
722
773
1209
74
1292
777
916
1726
807
974
247
13
1351
1946
1732
993
501
1505
1235
475
1787
829
1533
1811
1389
1450
1427
767
475
340
1064
774
689
1031
1593
1190
257
13
1916
1023
78
1845
1332
48
1616
1971
1508
314
1467
527
610
356
925
1529
1350
1288
1936
870
592
125
44
1353
362
218
614
1295
439
493
1339
459
1408
1431
1735
900
1765
529
1013
1079
325
1257
1359
1923
1273
974
1388
698
1024
866
793
1074
181
335
1384
164
809
1922
514
341
118
1019
1507
95
325
1982
996
118
143
1884
425
422
1584
1413
657
503
1593
1934
1081
1909
1484
1448
802
381
1462
868
5
1028
1637
456
1346
618
155
1429
1488
1825
441
632
1453
961
1331
572
1964
1157
873
1912
332
97
736
1811
113
1138
392
1634
1208
1429
1523
338
1167
730
513
1690
973
362
1483
649
692
335
721
1148
1391
353
1223
618
122
713
1505
316
1467
141
1035
703
38
1889
1151
2
516
1811
1460
1841
548
943
1088
338
561
1210
1276
78
1096
53
1512
797
1688
1597
326
1237
35
997
1699
52
1570
1109
1301
1355
1310
1042
218
971
728
1217
1061
1609
1784
469
1689
1733
848
325
1540
173
260
117
1937
1057
119
329
232
1757
1419
414
1070
1634
495
1445
496
1946
681
323
36
1064
99
216
962
1507
1298
1858
1005
1056
1399
1600
385
1776
1055
1448
1273
461
832
1069
272
1405
1814
396
1168
450
13
1614
1965
1880
507
539
25
1953
299
661
1819
1653
719
27
1351
969
325
969
1577
65
151
302
1550
96
1255
403
443
939
1105
1794
1092
1656
1536
1510
309
891
1307
1611
1529
1225
614
732
1070
748
1132
1289
253
1789
1985
657
1430
1989
644
909
1122
1232
606
505
571
527
1631
813
213
353
1322
1625
1443
491
1125
1038
79
10
1045
1717
1908
1443
1378
739
1819
442
855
450
1429
1956
1507
1862
1060
1973
213
1753
240
368
1672
534
297
953
1275
1958
993
133
1939
641
304
1349
863
968
1496
1238
779
1190
1725
1085
1067
1806
1524
406
517
1296
1846
1568
1794
1170
955
1178
251
1693
628
1169
719
1794
1448
45
1070
38
797
730
1119
1260
584
249
231
267
1728
1621
164
1304
1523
697
1038
1776
1604
1569
665
805
1037
1004
1931
1549
1450
1781
1044
1710
1001
504
881
944
389
404
1005
1893
198
1982
79
923
1694
497
1581
751
1232
944
1334
26
313
1933
69
724
47
1724
572
1493
199
1836
857
1167
1052
1160
1694
725
759
415
1534
1695
1232
1593
757
1838
1921
711
967
1100
656
377
1581
811
404
1283
707
1812
1514
1291
1464
1377
761
1646
1729
1603
1283
1061
500
1787
188
9
831
237
555
605
291
38
1977
770
184
523
1768
682
1456
1859
1671
471
1807
503
1891
482
1297
1262
1609
113
1301
680
124
60
857
1797
1317
827
1050
1568
1714
1027
1529
1722
1141
1884
580
481
121
618
1867
483
515
365
855
1821
125
1039
367
1554
941
339
1597
1360
1181
1337
1321
1784
752
1237
1118
1687
735
1333
1052
1294
353
666
32
1838
1348
1909
890
1186
1419
1796
438
1683
295
1772
453
1756
193
876
39
540
1167
170
1815
1529
1505
1112
1813
1057
432
224
1592
1049
142
1393
1510
1528
563
1489
831
1037
374
745
905
1953
186
433
1009
561
1333
986
1052
151
1679
1411
1190
474
870
331
93
913
1043
1257
1673
788
861
380
1107
1593
398
1389
1759
31
1737
811
1868
1831
1259
123
638
453
933
527
1675
948
1370
821
1321
1889
1447
1793
452
421
1583
1355
1891
935
440
8
376
1850
1654
1620
1727
1838
485
269
1417
1585
1170
1889
162
1440
1458
1879
2
1243
884
1460
440
1048
443
1084
540
1458
229
1807
197
1806
47
324
1640
701
741
325
146
801
854
325
1039
320
1413
1488
859
1933
992
26
475
933
475
532
1295
469
374
601
1049
0
729
1600
418
1621
1016
1481
132
1312
1730
1940
1577
401
792
1734
1627
718
324
520
419
1700
18
389
330
1905
1625
729
1999
780
957
25
1490
969
397
1160
1403
1079
744
1814
1869
366
81
1324
541
445
912
1658
360
1409
1809
96
1600
394
913
1355
1115
940
649
614
646
865
1760
1132
649
1025
173
1072
1115
794
523
1348
134
1074
569
764
671
89
29
265
1562
989
841
105
894
215
228
887
123
868
645
1642
911
1803
32
923
925
1874
146
81
556
1885
963
1731
1169
1954
875
1088
1712
1378
1641
1443
867
613
1373
295
499
404
1489
288
1977
636
43
948
1861
141
1100
683
992
1005
345
146
1461
1531
565
1272
233
1830
943
1243
842
1933
956
1393
333
1732
890
227
888
1034
817
88
144
1762
611
889
1844
98
1847
789
1811
1718
1635
1572
626
597
807
1509
243
1880
794
1610
1816
1213
40
1735
358
229
399
1863
1568
1420
1737
624
1856
393
1452
1207
352
270
1669
155
1256
1684
404
1161
1833
1394
271
534
486
1556
764
219
1166
443
788
305
1132
642
754
1011
324
150
761
830
756
44
417
284
1109
824
437
1991
1003
36
1685
320
1461
899
1841
129
1315
697
1087
1346
324
1526
1226
1337
941
938
129
1531
989
1924
122
277
73
1470
1098
361
455
1803
959
780
1365
729
1125
1529
54
827
142
546
145
1204
1274
578
1196
1663
772
666
1573
1460
1642
1694
1032
1728
749
720
1731
1667
323
1301
79
1799
581
1310
13
811
127
1581
220
1249
1461
1268
1469
480
609
960
1462
47
13
744
1863
1019
552
1625
1697
704
1564
1872
1056
538
1761
979
1860
333
503
928
1956
1817
1895
82
985
164
361
681
661
24
1728
203
1149
1728
600
922
265
1977
692
