1221
191
1233
1593
475
537
409
1001
989
1269
1256
437
973
1880
1858
921
1208
542
1007
984
1794
1378
992
1181
32
1656
1361
1025
1594
1197
325
1166
200
1175
1302
371
858
1164
1181
1977
259
819
1019
1202
102
1751
995
471
1406
789
257
137
1883
196
1512
1673
960
786
183
1276
50
479
1118
1482
441
342
1524
882
511
1474
1085
848
1588
297
1914
560
284
1026
1485
1396
721
626
686
1637
1981
1459
1880
633
1303
543
1746
1410
1691
1220
1451
119
1448
565
601
612
1029
187
785
458
101
1787
1394
1121
1989
364
1833
591
372
1277
1689
434
1645
113
1227
1776
32
727
281
1743
1896
1318
1243
1318
1092
529
1109
1101
92
1312
339
557
1699
685
735
1524
1845
1986
1688
420
783
1817
164
1480
1374
892
1703
84
1587
548
658
1998
675
546
662
1397
266
671
1506
1980
1916
432
902
1981
694
549
12
1339
646
83
549
1041
244
4
796
380
859
700
825
819
1510
1397
156
524
863
863
1848
828
645
113
230
212
1222
1598
1640
217
145
692
21
1332
1292
752
653
213
1644
1202
1754
1346
1487
1109
646
1572
965
1947
229
608
110
141
156
1250
848
1889
1969
32
589
1437
124
987
766
1905
362
1947
407
329
706
1198
1267
1519
105
1838
323
363
236
465
1936
1035
1658
976
1923
1897
649
1161
1998
1113
1648
1910
240
655
71
1181
1223
1459
1585
1763
1936
89
280
716
104
272
702
412
1217
430
1190
300
1192
1294
522
1891
1537
1683
171
936
1109
1565
233
1543
853
787
1627
1070
1976
1461
1020
347
1448
80
1595
242
1841
95
1810
845
511
1549
583
1257
1094
645
375
260
1038
1258
1802
1578
1493
1941
1913
1763
1945
1091
1739
659
1271
233
254
1969
999
1404
355
191
1276
1226
200
291
1061
413
1377
1577
819
863
951
1524
1719
1406
1226
380
187
897
1651
292
1650
1826
455
1169
1130
207
1919
438
1478
1178
915
1181
1262
397
424
593
1561
4
466
838
1707
1680
861
864
1718
1583
1258
105
153
354
1505
1721
209
1498
1110
1922
1807
1547
1488
433
1375
273
1295
1522
722
1877
171
17
914
49
338
742
945
4
330
1997
1228
994
191
632
1434
192
1975
209
1842
220
1397
1788
1571
583
967
651
859
335
1595
1541
1281
1713
1075
1908
440
1958
513
609
743
976
29
659
405
1629
1216
1264
1866
1503
1725
1005
413
1433
1216
569
1531
1037
1012
1356
35
179
695
752
1524
1040
196
1897
2
900
1730
247
1777
1427
647
544
709
697
1125
1430
424
967
139
1854
1413
1678
647
1681
1091
409
1291
1759
1865
297
1035
1476
1028
1337
391
1010
211
285
373
1330
728
500
258
1992
699
989
1635
1631
1517
1021
515
500
1608
157
1010
232
1888
623
1845
556
1815
1410
1004
547
798
946
1036
531
1823
428
1884
1040
1650
1293
893
329
1814
1515
1679
1757
1424
708
332
1934
845
1298
1577
865
1686
1462
1628
1706
1370
1801
65
275
280
397
295
750
707
308
694
1535
863
373
1650
144
541
1819
1118
1737
287
1378
1359
260
495
1643
926
1615
1367
1655
1416
516
1760
117
1261
166
625
1573
1046
1080
669
547
881
878
227
501
1111
1637
309
1809
701
1803
1551
296
899
145
1483
1477
1827
1082
1768
1243
2
326
816
681
82
893
1580
1973
1118
410
1843
1494
251
113
1904
971
1893
1189
1385
1962
553
782
663
1961
571
407
673
521
749
83
463
1680
1582
1204
741
576
1952
877
284
1790
1013
654
563
238
1546
1539
471
1405
275
1732
1019
241
1681
343
1503
1354
950
1340
268
1444
1960
1397
1114
1552
1850
1334
783
1413
1211
1345
1361
1115
324
1343
1032
1132
865
1584
1619
994
1349
36
717
1425
629
129
121
571
1596
633
1486
1631
66
1170
1881
1433
1325
738
762
49
1241
1472
65
1328
1787
730
1937
1553
138
997
1211
391
479
300
947
373
449
1238
1350
570
1467
87
777
1893
1595
1589
980
397
1805
1924
1699
1165
437
1679
635
1187
454
25
809
1165
1902
1631
497
1889
209
1568
161
1380
1104
140
1664
1346
1145
1977
77
984
1380
881
1865
1060
97
984
809
26
672
1912
966
1731
250
342
243
243
173
444
1317
517
965
1169
943
1761
288
859
1702
372
1961
986
1512
1125
1483
837
869
304
889
1705
1746
1779
700
1165
1270
1442
335
1977
1313
1553
1403
496
56
813
706
1521
1736
1334
1910
1442
145
922
55
1313
1337
1627
1316
1653
1009
497
777
465
517
1144
1376
32
1280
800
846
883
1574
1390
234
136
480
1091
809
245
1773
747
647
176
841
1330
722
735
643
1591
1520
302
575
1531
1184
1718
44
1505
1282
1684
1796
40
1490
1768
1010
1680
1807
878
1204
1445
1474
1501
590
1134
866
1407
959
30
1219
69
1476
819
255
1190
1811
167
555
432
711
305
1173
276
1023
947
1993
883
1885
1956
864
1211
1125
1028
1846
181
703
423
1117
285
1834
1367
1587
397
1313
1235
139
1892
1969
1211
1744
900
630
1109
1587
1685
405
233
459
52
1120
1385
44
1592
1497
1348
585
1717
1031
613
1552
730
424
638
1959
1360
353
1672
378
867
621
1510
1372
892
43
362
257
1277
110
586
14
422
1138
1800
432
372
1950
1052
1382
1355
1788
1910
792
1965
692
1768
1194
1870
1375
459
980
668
354
970
30
607
848
1218
825
966
1749
797
1165
789
1744
1095
870
1904
334
1108
1313
988
1336
930
1132
412
408
204
293
340
817
1185
1116
1251
1853
1277
736
648
1220
1232
1128
927
1197
740
143
982
649
1357
313
357
1404
1748
1332
323
478
449
1571
702
897
1151
1070
30
380
451
537
530
1514
32
973
347
336
466
1931
810
1415
1902
299
1253
1881
1435
461
1277
415
260
1513
1716
324
1937
344
393
1539
1573
1156
1649
1469
1280
995
1433
159
47
1024
506
1669
280
965
389
537
272
755
17
1180
1025
1492
601
1056
367
305
768
517
1666
1114
1482
314
617
1197
1977
576
554
478
127
977
1858
133
657
767
1297
1229
1289
692
573
1367
407
670
28
1323
1969
456
592
546
738
1395
585
1666
642
16
296
154
797
425
1319
582
987
977
1668
200
1244
136
909
885
1231
89
1267
1151
733
1151
1059
970
1737
295
256
155
603
1588
314
1553
1055
514
1205
1083
1254
636
467
475
33
1909
639
1640
1349
362
1529
268
1603
975
1855
191
1415
1522
1847
269
1979
469
723
1465
178
1309
1267
67
1479
683
673
1646
1253
1642
1760
1072
891
1955
1244
1529
939
140
271
1124
407
287
661
1234
525
845
1700
1946
1605
342
212
1496
1388
1698
848
749
1472
1638
171
1744
944
332
49
1781
25
1375
133
430
1269
1448
1964
213
973
155
1667
611
1936
1286
1740
1126
1453
393
777
1109
1241
1460
24
1816
620
1067
992
837
586
1200
1337
1766
1842
1237
247
789
885
1739
141
53
280
1372
1712
1859
655
939
591
872
1527
1763
1289
1276
549
753
1033
1900
1689
466
1977
194
1502
1664
910
706
1134
1297
1661
852
74
1496
891
732
636
1083
21
1616
885
1274
1470
1859
854
1119
26
101
1086
372
1085
1868
1884
1938
481
1959
1605
1742
531
1128
56
978
261
1488
1260
872
306
1274
1984
1695
992
1849
677
624
23
1288
450
1701
1103
64
979
1756
1489
1471
1471
1508
78
40
535
270
763
1814
538
1349
227
1592
1198
1545
892
1486
1536
892
842
586
1764
453
1676
902
101
1395
1110
471
1649
335
547
1679
208
720
389
1595
1823
856
1919
1615
761
108
1080
1910
632
1893
837
101
1002
981
1724
1417
553
1308
1404
1937
155
1555
131
214
1218
515
1440
899
809
1518
1177
782
681
1820
1893
986
1627
1256
74
164
1114
1062
1676
851
1837
1241
237
945
794
1898
368
814
796
1322
533
1766
179
202
795
365
1712
551
840
213
1380
796
407
1380
67
374
1690
1813
135
1671
880
748
1918
1928
1900
545
371
1933
1078
783
1838
318
1307
695
1356
182
693
470
247
397
1487
1872
1497
218
1326
1144
298
307
785
1258
827
1796
1417
617
1792
610
700
1916
732
1975
1667
752
29
682
1525
1271
1107
1032
1422
1674
404
161
882
247
506
25
164
597
776
1382
1634
1107
318
863
397
423
344
1064
659
839
1977
401
1015
781
1165
1052
1736
1619
1987
356
868
997
1868
1605
145
800
1511
172
1756
1430
187
547
1984
885
1474
161
1097
1982
1512
1616
617
1591
1477
1628
192
681
1661
29
1977
1948
713
1781
1941
1787
1320
257
1055
1697
906
1322
1092
263
780
1817
1182
712
994
218
1253
1118
28
633
432
84
1073
181
1643
12
614
410
102
1973
895
1758
1645
1064
1387
905
236
1082
1964
1046
1484
1371
1159
1817
1601
467
1189
653
774
613
842
468
1850
1880
811
916
1357
1140
1334
536
137
454
1660
565
1305
1855
874
1449
1489
383
602
1820
1831
1816
1175
650
1960
806
1370
1021
824
1864
1079
1633
73
409
915
883
431
101
523
194
1867
1089
458
1685
188
1678
1934
953
685
0
1898
1289
1083
1803
1037
897
169
228
398
497
1472
1207
1022
374
1824
1585
1438
56
752
639
929
490
1673
1887
697
1227
1199
1532
714
1772
73
83
316
342
409
480
252
1222
358
969
251
579
1411
93
201
705
1873
166
1577
809
466
1970
276
397
1916
809
1165
668
1937
832
369
1371
1906
489
920
1400
36
1305
1369
869
1461
419
765
1945
189
883
881
691
653
665
1097
1463
24
823
1433
20
1630
1079
314
1916
69
1550
1113
905
1909
1464
1574
839
282
32
912
873
973
1945
250
1401
1135
1489
1486
1012
1353
1049
407
807
1590
1370
438
1929
1845
1020
1746
1883
1006
698
1850
1631
1499
1915
818
197
1610
1894
1475
1519
17
1777
1423
708
308
37
1710
1071
867
1493
321
1677
1621
1249
1829
1403
1913
251
1118
692
571
1525
1001
63
1383
427
220
693
394
567
98
1809
818
1049
537
656
677
1713
1861
1733
1056
914
116
1290
365
1913
1857
898
1753
1742
633
502
1167
1847
491
469
767
1819
374
1783
1403
906
470
1105
1949
1882
368
1577
1381
1465
813
133
197
834
661
161
533
433
1107
1502
345
1071
1443
1577
409
1585
217
19
474
1358
844
1429
1614
1999
1255
1269
543
1783
640
688
572
121
1436
1333
1266
1253
1636
1288
754
1329
1181
1542
1677
111
67
746
1307
1584
1813
1021
341
988
1362
1305
1388
1178
57
1493
737
476
121
813
1190
413
313
1038
1016
1586
1190
1588
911
313
734
530
835
852
227
501
1491
101
789
855
1909
560
581
1040
405
609
53
1660
1484
413
1691
1163
1092
352
1907
410
90
1105
73
1312
1408
1618
758
1330
956
1853
1857
1880
209
1126
1196
1661
1827
1300
1855
181
1712
1661
621
550
89
668
1790
1369
95
1898
1652
1232
420
1117
560
390
575
336
270
928
212
710
310
1725
23
479
933
1312
90
1137
1194
324
1481
136
98
226
119
1068
825
1553
1917
1282
1557
1440
322
750
1377
1601
571
1271
1682
901
1900
994
307
54
265
1085
998
1610
1386
1588
1061
1527
1804
1193
1727
272
1166
216
83
1055
515
949
212
689
1452
1718
1899
1255
1837
371
294
1619
1940
875
405
1596
567
1557
632
473
1167
1403
453
268
1204
1247
543
1466
755
1491
1736
1942
1976
519
223
1821
1231
706
473
1515
1418
1922
1919
983
565
508
1264
1618
1261
1742
636
847
1959
464
27
1261
935
545
338
1365
1333
1433
4
691
1560
477
459
1752
1131
1820
1217
1474
122
1922
877
706
1881
1567
79
576
301
21
226
1629
1063
28
947
237
1443
139
795
1425
1560
247
424
621
541
838
425
219
1
97
1286
1607
1693
197
764
270
1528
191
899
708
1324
1853
1706
1451
1658
613
1743
1459
213
79
1209
1334
1847
767
12
1511
1952
386
799
1088
1097
1211
1718
1772
1973
1884
1761
1264
1135
1206
1586
1737
681
1930
598
1765
1778
845
580
379
905
981
1483
113
206
1573
18
1768
1578
44
396
1056
1421
1567
245
505
103
1008
428
973
1676
1829
1344
1910
1201
671
1597
683
437
737
1493
1933
1195
928
964
1217
1950
861
920
1905
875
1469
1444
16
794
693
1859
1273
625
1733
1648
1357
1669
1050
1919
1246
1042
1062
1420
1942
1297
1228
1610
1349
1487
1190
112
1153
572
1919
835
1209
1315
1922
1821
98
781
570
25
609
745
1970
10
1953
338
53
1175
1583
569
505
1671
1493
1387
1379
668
633
99
1788
357
108
1355
859
1421
218
1747
102
621
1743
1481
842
762
1716
111
963
1992
1621
1036
956
5
559
1987
306
726
880
1643
1825
762
126
665
1143
1865
211
1718
497
1849
594
1721
82
983
428
129
1178
216
1209
970
1073
350
778
704
997
49
561
1195
1845
855
1384
96
1335
1614
90
292
26
1458
821
1076
1653
1017
1379
1667
1155
854
422
1477
1381
549
1601
125
1264
1460
1672
761
1807
414
1823
1970
1301
1055
597
567
354
456
873
1205
966
1544
794
1669
1196
146
458
176
384
1848
505
865
1462
1381
1214
1781
795
1976
1372
1969
169
956
1847
460
1020
1413
1226
1646
323
322
592
35
1812
723
322
115
806
708
319
427
651
926
276
811
1444
721
1691
1301
1238
1339
1616
1955
1369
203
1083
273
868
1822
496
1230
1097
277
1093
22
1026
393
68
1124
1484
342
1058
1831
1216
1999
329
1277
1474
11
1531
751
275
1235
797
805
364
1256
1157
1457
1513
515
725
1587
1617
43
697
740
1539
763
1024
224
1850
751
15
1878
956
1425
641
520
1061
22
176
524
1982
1557
342
1381
1081
288
1413
1943
1783
886
141
379
34
1031
1998
299
973
1715
905
614
841
1240
1169
184
1538
530
398
1719
1888
1997
1509
144
1533
942
1379
1395
1373
707
1283
1165
1691
1995
1078
1217
1052
1024
1485
1
214
1641
290
1458
324
614
121
78
1628
165
1530
359
1397
1904
1451
749
397
1870
2
1827
1197
1449
868
400
925
576
1593
16
146
1557
1430
85
398
1760
1776
1408
1099
617
1500
1141
1328
205
449
443
834
1680
884
13
693
638
1994
747
1442
219
501
1397
1680
1043
1895
577
53
425
1323
692
592
400
1245
232
765
1012
437
1186
217
78
1988
1720
202
1508
655
270
373
85
307
347
234
677
1705
1205
301
1481
1312
574
1443
1946
1362
1331
885
35
1677
630
160
1511
348
1364
479
361
636
529
0
1696
1222
729
167
65
1967
1820
1122
1284
223
96
207
562
1577
1316
89
181
65
1783
1852
442
219
949
761
1813
1523
618
1836
388
112
1922
560
133
549
36
256
1010
527
515
916
929
1817
828
1231
1470
718
633
1862
366
1567
1910
184
1381
1975
383
1733
1478
995
818
31
1341
1429
104
1627
641
845
649
1884
1968
966
1833
1157
105
1572
530
724
1950
1540
357
1695
871
1422
1195
411
119
1167
1737
749
45
1456
1389
1447
1861
187
452
248
24
443
527
1824
1862
81
1169
446
1085
891
201
510
349
269
1621
155
1429
1313
788
65
1715
128
1587
25
777
746
305
90
901
1413
325
1664
898
12
1177
1348
414
607
1550
1319
911
745
616
1782
1499
851
1212
980
107
1942
215
117
266
590
1568
238
1453
1428
1613
1221
1512
990
971
791
659
864
3
580
1583
596
309
971
234
151
205
256
621
972
259
906
605
244
1815
813
911
1701
1398
1625
1379
1819
560
918
875
741
1515
661
621
253
1124
1495
314
692
1790
1982
1817
403
1695
1159
802
1068
1428
814
970
505
79
355
1691
1858
887
399
206
779
1130
706
569
569
1907
961
1256
1846
109
1339
152
1070
918
1797
1953
9
553
522
1926
786
1966
1622
1913
1514
589
1785
53
465
947
944
74
1228
845
1004
1301
1979
736
621
1212
1354
794
1640
920
69
1648
1654
905
703
887
1468
1874
1082
1556
133
116
1165
1758
1504
503
1597
1139
1924
384
667
1772
1954
1053
1125
473
1107
1888
944
977
1401
372
574
983
436
739
823
758
570
451
54
846
1094
362
545
389
104
1605
632
457
872
13
126
901
349
225
270
82
1447
1146
1837
1479
839
501
1845
1874
524
1929
1377
1569
80
1190
1344
114
1627
145
527
1676
776
1210
641
978
13
1849
123
1023
176
1049
1254
993
1717
264
1551
1490
680
804
956
157
1669
1631
685
1077
774
393
367
502
1271
1726
1548
754
1340
269
192
1001
686
1721
1814
1785
830
311
1471
350
152
761
603
995
1193
153
476
986
1685
1258
455
788
456
1661
278
1819
926
1157
1504
1331
1431
1718
614
797
94
1935
1921
136
1952
1803
1747
296
755
168
1581
1238
1601
1663
1899
1377
1984
1303
1695
772
754
83
1440
871
1468
1646
905
277
461
827
1960
175
1198
705
20
640
649
767
645
542
64
1312
1946
1739
941
1430
417
1569
1274
1933
1382
973
227
1173
1438
782
953
1005
630
335
493
128
461
1586
845
1798
1997
835
1376
1622
505
1494
644
1680
345
751
1595
1255
1328
1007
998
64
892
414
1151
1625
1820
272
1791
920
389
1192
543
32
559
1126
1941
1763
336
1917
16
950
1615
320
369
401
1701
728
465
1039
572
1259
1703
251
133
977
1815
1262
717
892
1221
1652
1317
1759
1696
1041
1639
1411
1771
1524
1609
1369
1661
1044
92
659
1210
1222
1824
402
706
1998
470
507
1425
1830
90
457
933
1079
1667
142
949
169
1156
664
13
1142
260
1852
129
1481
696
1477
1301
973
1284
118
998
408
766
443
1157
1843
135
725
1941
1327
1249
1510
1773
437
1194
1678
1
1961
593
599
603
385
1168
1115
1512
1184
17
1656
830
229
1648
357
1748
1645
1848
64
141
1882
948
1666
1504
596
401
1007
1864
1288
1496
1805
845
1519
1793
1169
490
1525
1389
1283
1196
753
1467
665
1011
1766
1537
697
1413
771
751
1118
1937
784
733
249
1373
1555
326
758
1878
131
1126
1224
1226
1109
64
1187
1959
648
624
351
1213
1230
507
1937
1401
1521
816
676
261
1553
1395
1907
1409
218
1097
1958
529
1796
1097
272
335
628
617
503
371
1384
292
1624
605
945
428
282
301
1044
1682
792
201
905
475
513
725
17
1251
455
981
334
516
881
699
335
1914
1467
357
1358
848
259
905
58
1499
122
1473
1676
1190
1672
1924
954
49
357
154
1560
782
1284
1382
261
556
955
1287
436
1255
386
938
1271
1514
856
1977
186
70
1140
794
474
1397
1972
1654
206
153
295
527
1376
1172
69
181
934
1435
1376
1022
765
1634
1871
1869
35
933
544
799
1161
473
1824
640
581
224
614
1790
26
181
581
1814
1243
1654
1344
884
27
914
512
90
812
522
1393
146
919
1381
896
1094
1418
1694
1193
417
330
1845
1861
610
507
85
1996
268
241
170
16
744
36
1572
1005
1059
691
1533
942
962
1813
86
1257
1478
1582
1487
1525
545
1549
460
942
931
995
828
542
1416
1665
1358
666
1915
1422
964
1686
5
1208
328
443
1459
1428
386
419
266
588
617
35
1881
863
1580
67
677
948
35
504
1986
557
56
840
1433
1861
1737
1887
1655
1757
716
3
1973
517
665
1965
713
1598
1450
79
856
435
1090
1520
1988
69
1
581
1493
356
1536
1104
1187
1349
1622
1735
917
465
1764
1514
330
1345
1761
1730
770
1507
860
1914
1109
924
1883
1189
71
434
215
639
1964
257
161
805
469
1675
129
904
393
1004
1679
666
1696
1529
430
53
681
1776
757
1187
535
438
1885
258
1312
970
644
485
46
1121
1343
964
509
1944
1078
1046
1461
640
1739
281
661
809
1673
1574
1123
700
329
609
252
1676
1942
1064
1221
396
923
1053
298
1015
1553
1183
578
1349
1257
165
822
1021
146
1736
1168
1657
265
417
904
1480
1742
186
1117
145
1130
1556
416
1669
353
961
1935
1487
772
482
1597
698
273
387
1759
1237
41
824
224
929
623
511
639
1019
1424
1989
1891
1239
280
497
941
17
1131
1497
1982
1722
1349
921
434
825
1441
69
778
1665
269
1137
1526
1793
940
1840
1378
1724
981
603
1579
668
1889
1883
1453
596
1337
801
1953
1740
1632
12
1180
374
1701
1400
1500
845
518
824
1532
1724
1400
454
1740
1028
1265
407
950
1577
371
870
1741
1705
533
1181
1814
47
1897
221
135
607
231
949
769
950
62
1893
32
1423
869
246
278
412
742
1049
1294
237
382
921
1862
1529
228
1790
229
1493
521
574
1121
362
277
1134
970
1048
1649
1622
454
1025
1753
314
1028
1829
1154
614
223
1972
1754
1333
1989
101
1951
390
687
1719
979
34
354
365
1428
251
1775
1724
526
1107
1406
1019
1512
1460
1545
1822
911
442
1402
1503
1277
1889
1604
1257
1901
1193
1684
695
1919
1256
901
7
1849
751
25
455
213
1569
1157
1999
87
283
1653
65
829
383
1671
992
53
1520
1773
1745
632
1736
869
696
841
1341
1354
233
229
688
857
1060
1617
475
947
799
107
699
1635
182
1745
551
51
1972
739
1976
1496
1828
667
1469
145
699
956
854
1734
1520
1247
140
86
852
144
1927
208
1618
1401
1173
1236
656
1716
168
1972
757
273
746
825
738
1036
226
1697
1960
1373
1373
1149
491
879
1123
1401
1542
530
977
384
1745
1722
300
1704
1885
694
1443
485
1985
1061
1154
1013
1928
1953
937
843
409
779
1
373
222
868
1682
18
701
1653
1510
712
1225
1317
1560
1534
2
1001
1784
694
56
1583
1213
1717
1903
1219
1311
1231
272
77
920
1095
1035
1887
1986
489
1885
1933
1061
994
1981
144
1182
736
1421
1855
1556
1703
1733
1655
1531
1433
928
1653
517
1616
1928
957
1127
368
1691
581
471
1267
1620
668
1376
1766
1065
1763
1787
474
683
613
1869
221
1348
373
836
1196
1497
1381
492
1274
1760
857
1707
1577
1976
85
539
1712
1379
1433
733
1478
1389
585
610
1737
914
925
1836
1376
873
929
1411
146
1654
1240
105
761
1237
1153
1955
277
1041
294
433
1801
1103
970
734
98
92
1666
1743
1445
1567
1087
1639
323
1535
1816
56
1628
1329
780
921
1681
1399
1367
747
126
1256
1915
343
803
1115
1201
12
1049
1112
1228
1496
1012
1411
1227
693
977
1042
1133
1577
1912
1939
424
1526
762
346
931
1177
992
1525
1724
1487
1361
983
77
1904
1834
1678
1809
1261
187
1432
376
809
1036
551
1802
1309
145
199
469
954
783
1628
434
1419
496
1187
107
1547
727
449
135
1590
1077
829
1895
785
403
1755
545
1123
513
294
1977
1941
1664
1910
261
833
1500
1993
1531
965
423
872
1470
1839
1780
175
810
714
48
1571
395
453
1921
661
1640
681
90
756
835
647
1329
35
1006
273
1742
1550
1655
770
487
275
674
1499
380
1875
1738
1442
335
500
1441
1639
565
1657
1916
323
19
1603
1615
1829
1837
1862
1017
20
1845
592
164
348
837
1846
780
665
1470
1725
1931
1874
1038
187
1193
527
460
394
1833
296
900
1167
1298
885
1988
1034
935
1078
1630
185
407
1469
1181
1633
238
1863
953
493
1572
1564
67
1834
1804
1190
614
521
555
595
121
1069
259
1581
1948
108
315
1541
69
602
1129
741
1857
1037
919
381
376
565
1739
1847
3
1926
443
1910
944
1258
1361
1940
1968
1125
359
1728
1007
306
219
1367
114
1156
395
1371
1484
1663
656
69
518
672
1107
400
1116
671
309
81
422
711
1714
800
1982
1096
234
848
1257
749
317
188
9
777
1129
1824
195
1641
785
875
1744
60
1834
1281
370
689
449
1589
106
1836
505
69
245
1551
113
1
191
1265
471
830
454
994
1880
849
517
1509
859
1949
1072
1883
470
685
1560
1545
1629
697
34
1673
622
1016
1863
982
1887
1567
675
1456
438
1402
256
189
342
1215
199
667
1662
457
365
857
1176
341
1295
1375
533
1293
1871
108
126
854
1905
1657
1569
40
640
1049
1712
1774
321
931
791
1718
1301
336
1973
1122
145
1662
1625
486
1440
234
860
1954
1827
997
213
886
1991
1357
1394
588
1621
1116
946
770
277
1166
709
1237
634
1006
746
1704
868
1273
1585
603
983
1302
1815
86
82
398
307
203
542
1823
950
1113
1761
630
219
1014
1889
70
604
1228
1349
323
1085
1843
432
187
529
1456
1061
1506
1528
1071
1435
679
1687
1070
348
864
1456
329
101
44
1284
1421
1392
914
1259
1101
621
178
381
54
1673
902
1890
925
407
501
288
1917
21
1945
1371
1846
171
1401
677
115
916
143
1542
1157
1403
1508
1895
1229
665
1751
339
1949
1781
857
686
405
1920
819
892
335
1829
1548
1248
257
507
1578
1809
252
849
1460
941
306
350
536
973
941
528
829
1598
989
886
1169
1190
999
653
772
1566
1093
208
702
1569
731
36
1498
13
1936
191
1984
818
411
956
345
145
1973
1829
1387
552
1097
1919
398
1327
735
1286
1155
1597
473
1035
859
1946
1439
133
918
179
894
1896
596
912
361
77
1737
1758
935
959
88
1115
156
120
1114
1283
21
977
775
1291
1338
42
531
1557
601
279
753
875
281
1681
245
461
333
968
1999
320
1568
339
1432
1189
1343
373
527
736
1829
372
632
1112
1926
1856
1811
1538
142
1262
653
857
531
1217
1607
1790
258
128
475
591
503
890
1731
1793
106
610
869
284
518
448
1802
1424
60
980
15
1603
1463
1497
29
1722
1406
551
1665
1141
752
88
461
86
1712
1102
1965
519
5
1374
844
25
156
1615
1637
1627
304
1442
881
875
362
1360
1110
886
1291
774
871
1801
639
342
1179
1775
269
537
1749
511
803
931
190
1903
1289
231
1728
788
1687
128
731
1668
1443
1107
265
289
1358
927
1110
1207
1838
391
1678
1710
1321
914
762
29
1397
884
1433
588
958
805
269
1641
976
552
121
9
589
1751
618
1511
1303
614
1215
1948
1861
1694
1828
77
988
1556
404
1954
1530
1298
854
59
1665
1219
141
1397
1221
632
1062
45
1431
1453
1103
974
71
551
704
1575
1531
210
129
1514
1320
215
1145
1465
1316
518
524
833
0
1085
916
1106
850
1188
922
40
1615
1745
1450
886
153
932
964
1975
1549
1039
69
1541
873
1872
902
740
1128
357
1285
938
41
680
589
221
1241
141
614
1772
35
119
1365
1322
422
1818
1458
1737
1027
1783
1759
277
1715
1883
477
660
220
386
1987
741
1066
64
1551
1952
305
235
503
1529
985
1640
601
809
317
1173
1419
1090
450
1291
1381
1182
455
103
713
1944
243
403
438
1057
1942
19
699
106
1343
1142
1942
105
1497
500
1477
423
191
810
777
714
783
611
1248
1465
1114
783
1833
449
136
392
659
1425
1284
386
1766
1379
1637
661
546
1393
1596
1084
1342
547
696
1664
1172
453
347
8
384
1200
446
967
221
1058
1385
1518
1704
1100
586
1271
1636
133
1301
1801
47
1652
284
1201
594
621
866
316
555
905
1449
603
1831
303
125
1410
477
819
113
1731
1418
612
765
518
592
1159
1984
1271
1058
965
708
722
1412
905
516
1189
1631
238
1901
1085
701
537
1280
1499
297
1973
617
410
1061
65
798
1969
400
1521
1862
1021
1334
98
220
1460
275
1497
936
682
1649
873
804
1987
1437
1443
967
1258
429
1667
1677
1744
1621
269
1595
380
1845
1393
1083
1522
1671
832
962
1317
173
249
437
94
1401
1629
349
1322
1178
787
1705
419
845
1149
2
470
1025
1781
665
1578
702
1143
314
522
1531
14
729
604
554
793
1483
349
1275
773
170
1243
575
1159
1060
1325
1465
655
1510
445
1662
1970
1733
68
509
1416
1679
1940
1808
1537
259
1164
1851
587
964
1966
1102
1422
1709
1373
1062
760
839
679
1712
18
1229
1169
214
830
1770
1229
1517
1530
65
596
1
1498
321
4
4
751
983
853
409
1695
104
938
864
986
979
24
228
1551
1322
1934
1217
288
1102
1471
1679
22
1881
1602
1410
901
1047
1604
327
678
1316
1302
247
19
1794
809
1401
369
141
393
952
513
1685
794
1100
567
1427
824
1723
1464
1946
143
1473
133
970
61
1305
773
1283
647
233
623
1003
783
808
1430
503
688
1498
1160
182
207
1394
719
1789
545
1564
416
1683
96
52
1133
12
1297
1467
292
659
1019
1623
1032
479
358
858
1746
693
760
796
275
1934
860
15
458
960
1101
1445
1955
354
1880
27
626
682
160
1226
1010
376
1001
524
961
832
825
212
922
1508
1162
793
626
1322
656
1905
214
1484
1556
118
550
1987
398
1788
1947
395
451
775
875
1148
1277
1173
1184
264
1047
1759
407
152
801
483
537
187
836
1368
1858
1874
252
1781
722
1806
1085
1184
1820
20
1157
1980
1070
1685
360
473
129
860
1148
1365
1934
15
523
1985
653
511
456
402
334
1425
1409
1634
314
769
1706
1877
729
765
741
1933
978
1975
1103
314
1441
1537
959
1227
1113
1049
1065
143
102
911
872
1230
1355
1843
1433
168
1749
538
651
1041
244
1394
660
908
1059
1071
127
1558
1925
802
620
1372
1670
784
1314
504
1795
654
736
522
649
1846
1062
635
630
1254
161
1283
82
889
405
508
1343
1080
572
1208
224
28
1770
1461
464
688
1860
1760
665
908
1469
1037
177
838
977
443
1662
1731
672
1102
976
1005
31
484
844
232
1288
1135
535
377
1877
1753
601
193
1383
1389
1771
1813
1064
1809
1424
1232
1953
897
325
268
244
1709
593
897
133
1472
370
682
1693
608
1420
373
928
962
362
234
1278
1026
386
1434
1771
1006
1304
1240
1076
803
1820
1919
1538
1582
1774
527
1574
1433
1105
1531
1547
1865
1918
1528
1118
280
992
4
888
1779
795
1979
1648
625
1540
953
1613
352
207
1158
1422
1365
655
1314
370
98
1504
266
700
1880
946
1749
178
752
898
1076
1345
245
895
1265
1401
1042
1093
1001
229
1924
263
1980
68
1872
737
1217
72
899
1553
1133
1629
1966
127
717
1946
79
757
899
1105
1474
57
784
1591
1358
61
986
542
70
1732
1861
1030
704
797
777
185
1377
1842
1502
1439
1545
434
290
1933
299
178
1990
886
135
1944
770
1856
1625
1922
1586
266
1915
977
687
1013
1691
1970
940
1783
747
763
541
1112
441
771
211
1206
1892
48
1538
650
1720
630
1255
1083
1960
173
1901
352
1152
272
335
959
131
1269
1008
1449
324
131
843
1875
937
1024
652
1332
797
1846
617
712
1945
1810
1386
884
649
970
1689
1510
543
183
1757
1065
755
1935
338
1206
176
875
108
1100
653
662
1509
1740
177
1451
1877
195
1833
455
834
1647
1290
503
322
1237
1414
455
1001
1737
397
1633
938
9
411
1044
32
1903
129
777
771
237
1553
154
509
1120
1493
1017
1237
1544
1993
729
848
655
1525
839
918
1806
1449
1601
365
1670
1065
204
696
775
173
490
680
293
1755
368
1992
1352
1469
1187
1576
1182
134
1208
1919
591
133
1281
289
564
885
866
507
1416
240
730
957
1093
568
113
1180
1557
213
1697
1289
1865
1793
1226
599
675
81
1170
839
1379
623
398
400
1539
608
1394
68
1456
570
485
545
753
1512
49
1437
463
829
1780
1751
467
850
1199
155
53
891
1547
1816
1664
257
149
909
1758
1358
91
329
1722
932
1231
788
526
1509
1873
852
1162
1284
1669
792
1717
1969
1355
1295
128
501
1776
1011
1895
449
1041
1426
484
561
1445
1885
1386
1792
1760
1165
1677
1688
480
1220
1425
341
1147
1451
1124
1423
986
254
260
1464
1424
695
865
1920
362
809
468
608
851
1096
884
284
832
918
1701
1883
225
288
541
1311
1919
865
1817
1230
1672
1745
861
494
1710
1709
1219
1544
1915
700
808
1877
839
1092
534
416
877
1307
1733
1578
504
180
1399
697
891
1095
859
726
949
1581
1566
1303
1705
1597
1437
516
1651
1378
1572
1031
719
1861
171
1114
1467
872
1980
1823
142
1167
187
788
873
660
180
1537
1399
1799
1785
1940
817
1748
1515
725
1042
164
206
1987
881
998
1989
757
1896
1091
824
968
428
895
1744
756
1609
777
813
1000
616
176
1017
1547
621
83
989
1381
1637
904
1064
116
1
1325
859
680
1932
1576
1923
686
93
573
1343
1012
1125
904
503
893
868
332
1504
101
1413
1285
922
583
1152
837
26
349
1376
1028
1845
1858
1253
1659
1417
1679
865
1634
1120
131
1071
1710
1400
1809
1962
1808
406
1788
1799
974
749
807
141
1618
1973
290
876
1207
1680
973
1322
1001
1913
818
1718
188
161
317
569
1805
572
1107
292
112
938
723
932
826
288
700
561
1770
1410
1851
344
848
1977
1222
1330
863
1004
1752
1417
1172
777
549
105
1725
1882
1520
1702
926
1420
1481
1260
171
1883
1645
1644
1907
276
865
1704
1659
996
360
513
1815
972
1614
773
296
1650
1049
1151
662
506
181
1885
1327
1055
1723
917
1915
1532
1603
553
1042
1685
970
680
948
251
1431
1610
763
1550
1124
821
1330
969
1173
1884
1542
950
1216
702
684
641
108
177
1154
466
793
77
840
485
1338
998
754
638
1141
1366
322
1737
137
1568
569
630
71
403
1454
1166
1791
297
127
909
1453
1713
1099
9
512
392
108
1176
1080
1469
1048
1008
1785
1989
1086
354
914
778
1709
210
717
1263
783
1475
782
4
1731
1908
1115
1227
1357
1055
1850
1530
1078
1372
202
459
655
352
1356
1956
1805
160
1491
284
515
308
1201
1726
1394
1535
383
994
977
488
1760
1895
1130
381
1296
1147
563
201
859
561
264
180
1033
1646
1203
741
810
577
858
296
858
451
1973
458
1015
80
788
695
1601
745
1481
253
427
1988
683
76
581
276
1703
638
1019
1792
537
473
1601
549
1395
1699
1874
29
1297
983
23
1
1256
1990
1076
230
1347
1757
1569
828
1821
543
932
1544
778
1001
1282
530
581
1876
1073
721
408
1998
1099
1838
1400
1491
1688
1967
1713
8
968
75
1520
1744
696
347
641
1123
1373
1563
635
832
572
241
1789
1525
1386
677
1922
424
93
710
912
1115
818
1058
1778
1152
1180
1655
789
1969
349
277
875
877
1658
254
157
25
1733
860
752
1612
1085
749
1705
551
1125
647
1900
1600
495
1170
192
65
1915
983
1942
703
629
776
736
1027
410
831
1765
214
292
1204
1936
1002
757
1603
1309
1069
1786
569
1605
706
233
495
36
494
1770
1664
1721
1698
1949
1365
1941
687
1388
1365
488
234
1546
6
1608
1085
313
1739
1561
641
1295
416
1847
1614
1919
405
433
1561
193
515
433
319
124
42
767
60
482
827
365
209
1817
602
1943
1267
1325
447
1340
1589
1949
589
1325
57
1469
1213
921
1888
1241
1592
515
19
110
879
559
33
710
1872
1515
685
1554
941
797
1629
1962
1056
1118
1917
1419
1712
1388
247
1
763
569
456
1892
1913
1785
389
1038
800
1745
1688
8
823
1853
1429
773
257
1955
1909
789
616
1976
270
332
609
925
1696
1203
359
1096
542
1160
1210
150
812
499
132
1508
526
793
1407
1766
260
1333
807
389
77
1679
51
555
581
1843
1372
1819
1657
896
1940
8
1997
641
782
1191
1116
1844
1100
865
1407
1118
1213
1422
1889
748
664
328
820
1251
1403
299
1908
299
979
1697
167
1667
461
980
262
1717
1562
918
722
327
209
1458
1089
95
893
644
576
1250
1321
674
1426
1226
470
1791
884
897
1214
645
1064
1737
1887
1434
304
1167
718
561
275
348
83
1397
591
303
1165
824
621
1482
266
828
116
1876
1981
41
433
1083
987
1024
546
893
850
950
643
590
955
823
1423
1609
183
543
1945
9
875
1514
582
218
51
380
474
950
1069
1229
1564
783
758
1186
984
326
1872
425
292
356
265
180
464
1850
1184
429
926
490
136
285
1374
593
1199
848
1043
266
299
1228
212
655
20
1055
426
934
1667
1538
419
1988
154
1156
529
240
606
53
142
925
292
1767
1523
1367
295
312
1001
728
625
950
472
1511
1903
1069
1236
1213
862
395
210
561
1029
1333
1936
640
301
1139
1519
1637
989
1345
1887
932
700
1512
313
42
1272
466
1291
78
202
1522
1517
1562
1827
802
937
1792
1535
1782
1717
1228
1514
1338
835
1953
374
1109
302
1049
1088
923
1255
1621
623
775
481
8
915
1843
1280
844
416
1917
857
1956
1609
1841
502
1209
980
761
1224
113
1568
1776
1819
1009
40
557
625
1291
13
877
273
1346
814
475
1151
299
379
277
749
43
691
1505
400
760
1891
1437
1509
1177
834
1329
1536
945
1319
162
74
1394
82
1496
434
1563
1836
828
365
1286
1397
133
1449
12
1298
1022
924
1302
403
1131
1926
1699
834
7
1381
650
1834
35
1097
173
254
1803
516
436
732
287
181
375
873
1399
401
1755
603
126
538
643
1156
1185
1498
1762
246
43
1126
417
1299
1587
708
1910
1037
1643
845
1870
972
632
1447
183
1086
1040
1903
1969
7
139
183
1799
1633
1496
1659
1813
180
1295
291
1955
103
55
911
1664
1230
1306
841
1529
641
784
1615
1651
1165
438
1103
119
1333
384
1802
317
894
803
1691
835
1563
1337
1697
970
531
1797
227
1734
1011
1026
188
947
276
793
1794
906
674
1415
32
443
1867
675
475
491
1994
331
1643
705
1696
1583
1687
166
345
1092
1560
85
1629
1269
1966
1175
1357
1232
1883
568
1028
218
1167
935
1205
717
558
1416
830
683
551
440
1787
547
902
1143
658
1018
1943
1808
758
782
686
1411
533
857
1071
384
467
960
558
43
511
14
692
1613
1916
1845
389
89
711
1251
141
905
655
335
1988
1525
502
69
234
1723
1296
510
889
88
1129
1550
1627
1312
1124
989
1569
206
399
203
339
1149
1151
1826
11
1037
437
1700
1662
1301
842
121
1628
969
664
1615
1322
1402
1241
881
583
831
1943
1355
23
438
14
1261
336
1694
734
357
52
1223
1484
837
1425
1237
1793
1295
335
614
1913
788
1444
208
1016
1201
541
323
1833
1764
445
904
230
1137
894
680
1896
133
1675
452
989
1252
837
692
1876
1333
1987
866
113
82
1595
871
1617
1303
662
1210
284
1591
1468
1150
1798
1201
1873
1133
929
1630
488
597
265
206
555
1833
1190
276
1069
768
1477
1880
1147
1002
359
91
207
1634
1289
360
1955
1618
163
453
1075
1517
1140
1313
1116
569
463
1439
508
607
267
376
360
866
936
1971
1529
1833
18
1487
800
1862
371
1267
1718
1514
1606
1820
1821
951
1373
1157
376
53
701
1049
666
1704
866
479
213
530
1953
886
1042
1463
569
393
762
104
1280
455
198
558
1345
1232
1705
217
1880
1614
383
1322
1805
1172
116
332
1322
422
1934
855
1561
1915
705
315
428
793
1058
1495
1108
572
377
987
715
1112
1843
796
857
1759
1977
1058
1469
1766
1909
55
251
1461
160
1885
692
979
655
506
795
1870
800
1320
158
1873
1413
1081
1068
1541
972
1859
704
376
938
602
1065
1446
1360
986
1838
1928
1757
540
1309
189
932
1364
862
729
1834
113
1790
1296
1185
995
155
299
549
1016
986
242
642
1265
136
1035
1985
1205
1074
1213
437
405
1159
1796
457
1887
714
1042
1269
1001
1418
1517
935
542
881
791
1523
453
357
222
1434
1175
1077
501
1505
1706
764
1275
326
824
1375
1289
1086
1272
1619
1466
579
1293
588
1316
1121
312
399
1529
1486
1982
1384
1855
577
1244
953
1484
519
72
855
1547
1205
1212
211
1707
403
526
1973
96
368
1703
1144
1917
1
1493
1315
1357
1535
797
977
1002
1715
617
1953
1739
551
182
502
1803
1096
965
1853
759
1037
295
1423
1238
1763
440
1212
1474
756
821
642
926
1228
50
198
1536
1739
640
1591
1107
1906
1271
695
1576
170
1614
877
1606
353
1294
461
84
1789
616
1190
1894
1097
335
555
1821
1179
819
5
981
1022
1795
1090
812
1163
741
302
1895
1325
13
964
715
956
1569
1759
1107
1763
1577
929
1627
1832
1259
869
731
587
255
1957
1027
1174
550
112
488
1949
1959
323
744
30
1348
1186
463
479
601
1997
1243
85
608
1255
654
1071
1784
1433
1093
881
1658
1761
1747
1478
978
676
1494
1081
422
1389
1612
905
364
468
1427
754
673
1283
1766
1957
1126
497
1267
499
1431
191
1231
278
326
759
1834
837
570
17
1043
869
764
579
1417
523
1016
1408
20
272
1980
1869
1657
1397
152
425
1826
1556
477
1569
723
979
922
658
1241
680
425
1550
220
1301
1547
314
434
322
430
605
713
1592
64
400
436
257
270
509
416
1585
557
570
521
133
299
84
751
209
1468
661
709
314
1736
382
734
1781
613
655
1361
377
1032
1298
880
1561
1994
1795
507
1969
1072
1224
50
1645
617
582
936
1280
1125
442
1964
1244
164
471
1572
1237
685
647
730
1725
422
968
1404
534
1368
771
216
1858
384
1692
1799
1619
936
168
1734
1782
433
686
506
159
1446
791
389
1197
1087
626
784
267
709
521
1396
719
1474
1075
216
1909
351
1076
902
1172
1904
933
538
1962
183
845
1520
1264
376
28
1540
721
1801
804
120
645
845
1335
1781
393
1270
947
646
768
872
1433
816
1845
1097
1605
497
1979
1365
849
1160
220
1442
490
98
194
329
233
1764
1780
1595
1991
572
628
1834
430
1982
983
1919
1221
1223
730
1256
1214
1381
1925
1295
1578
762
792
973
1702
981
1651
549
453
1912
804
691
721
669
1024
1774
1833
330
329
567
1982
1615
1334
1241
1316
20
1919
216
1421
34
1981
349
153
1371
182
1071
1548
1021
149
1761
1212
946
1185
1951
1937
514
1944
420
1641
1562
991
5
217
245
1195
636
1649
1771
1102
235
1442
92
904
378
1821
87
575
892
1277
789
372
686
1489
11
702
1669
516
981
794
619
735
1877
1858
1229
400
1307
1917
160
1701
501
891
1122
1247
1304
80
681
701
1853
1584
1275
731
1229
1792
509
1734
1639
1373
221
216
49
1476
578
1121
1932
1320
1669
1647
567
426
1412
297
884
1709
6
1145
570
929
1448
245
1889
361
129
915
740
550
1334
557
409
473
483
1754
1409
1785
461
1769
1359
66
124
1193
1291
1258
628
1303
331
1406
1029
333
1119
923
571
1862
693
657
563
1838
1361
1014
1631
92
28
1175
656
196
1520
638
1661
1870
740
1540
692
340
578
202
233
1026
463
589
1690
948
634
1243
973
584
1849
910
1633
2
1857
1629
76
233
532
541
43
1109
448
1469
110
1166
1739
1157
1613
147
1139
117
612
143
118
1058
1907
1405
844
1781
1924
1011
168
1173
44
623
1582
1790
340
1126
857
1785
212
1888
1054
530
1142
1077
1522
501
1545
98
49
1764
1633
1664
1155
1092
1857
1526
651
1748
1973
1992
285
1205
699
1675
1349
527
344
1273
1232
1622
1081
1288
119
281
226
508
217
864
287
1946
199
287
531
953
804
344
1629
703
1776
82
397
842
625
1333
1180
1975
627
1034
1507
1643
1912
548
1212
1180
1646
1742
630
491
410
1193
1166
1674
34
49
1123
1997
1818
1637
122
499
1824
17
1684
462
296
1849
762
1543
1379
1147
301
287
1894
181
783
18
973
906
793
533
601
1797
1271
1893
1237
895
1757
521
1685
726
866
1532
1063
437
789
854
1673
1981
272
57
1702
1382
1337
1344
1391
87
1584
156
421
1140
677
1010
384
1001
806
1726
387
1843
1645
1690
57
1280
1635
1541
928
528
1494
1923
305
61
65
1467
825
148
1878
1287
1448
224
1957
1773
309
1079
1492
266
923
450
1811
248
746
1770
1864
624
371
1637
1170
1503
102
983
1230
396
1950
1308
475
173
832
1496
1825
1811
1018
499
578
1652
1547
1195
529
1440
1956
1156
800
1863
891
135
933
1726
724
835
15
171
625
801
1516
649
891
1696
1141
789
1826
69
910
821
424
1016
1496
1315
73
1766
1107
1719
405
1651
981
1895
1762
625
1422
1038
1044
134
892
244
322
627
1724
1248
833
12
834
1566
1621
1917
401
133
861
1873
861
1693
1770
823
333
308
371
1286
1853
995
449
129
189
969
899
161
1641
803
491
686
1100
353
308
1353
1137
952
285
97
451
1784
1145
1488
1444
248
97
1333
1028
208
1325
18
654
1869
314
771
1065
1835
537
1399
377
1526
303
1580
1535
1458
1704
899
1301
1970
233
1241
975
1671
1792
1037
1324
227
601
92
584
35
1082
1574
934
1391
1428
1029
1240
1812
955
227
507
1603
1602
846
639
594
440
693
945
748
1203
1497
1629
728
244
1814
1010
728
1765
33
207
1000
1200
206
1062
1157
470
79
257
1536
638
948
1235
617
469
645
1568
263
513
1812
1280
1273
49
1008
889
928
187
1429
228
387
315
1252
396
1641
132
897
1938
459
1340
779
1620
877
524
1744
1933
1705
410
1732
785
92
293
1886
1591
1920
1163
468
1145
1547
1819
31
297
1504
1119
1983
125
582
1104
729
809
997
969
1402
1100
1029
452
1165
1488
488
676
576
872
647
59
719
616
825
1081
44
566
1691
582
1637
1467
1605
91
182
1677
825
508
231
1472
42
420
1399
942
1953
1296
477
981
1729
310
868
1414
231
1229
948
1195
75
795
1025
1173
561
1899
464
316
146
81
625
1277
540
59
260
1546
272
124
1283
1500
1485
835
447
1763
1433
88
683
1713
63
672
497
1631
1209
1932
889
890
686
222
1577
1833
547
1726
1428
525
1307
1511
1739
422
804
1654
839
1070
241
1351
1219
1230
964
990
1197
1243
1656
1389
1739
1360
1032
313
136
155
993
1979
52
1117
394
69
1784
1823
292
493
672
1312
833
1781
1325
288
1595
1352
23
1598
125
1880
245
1732
201
1003
817
1910
1551
1464
664
80
517
1057
1172
1356
884
298
352
560
503
1135
317
154
1618
640
1302
1687
530
1445
845
651
1925
217
1721
1533
976
600
1201
1208
155
1017
1299
1667
159
841
781
1734
1420
1603
47
1276
571
713
990
1945
308
1245
269
1207
1431
1250
427
1955
1029
1594
577
1658
673
1475
1646
503
1541
691
1404
1797
818
541
602
956
611
480
1423
676
260
515
1987
1967
1203
1927
669
362
1941
314
1957
861
445
469
10
1148
938
1193
800
697
1109
775
1257
1749
729
1733
412
218
1240
1790
1031
1088
624
447
1232
1762
1247
221
1097
684
1369
1293
1867
9
272
20
1596
1077
924
701
215
1788
1103
1319
1901
1777
456
182
815
1178
503
399
1178
505
975
1262
1987
216
338
1367
466
183
41
1330
819
1536
1413
1700
1456
154
308
1061
940
1933
483
150
1587
1136
1234
1402
1814
1577
924
287
57
1798
1861
1945
485
1059
701
557
1255
1507
1166
168
45
461
1591
1065
1324
354
1425
1999
292
958
544
1788
558
318
862
467
1237
1080
1441
505
1712
1145
146
1382
968
532
986
424
1868
1586
1409
1903
1379
613
1997
1481
153
1952
1422
1010
1957
1172
650
1485
1537
503
1173
1834
1835
806
1559
949
1744
1217
1129
1137
219
550
263
1666
1624
940
358
1872
580
411
535
767
1965
179
1496
1095
1507
1133
1989
401
758
1606
253
1518
936
1677
477
87
437
1966
1109
730
1713
1997
656
1820
1165
1195
1365
1669
1494
1750
663
1615
1437
148
276
1841
725
392
1256
13
148
1819
373
1584
1972
757
1980
1551
613
1865
1434
1856
1410
1934
1791
1372
1016
376
1661
588
537
305
673
466
1275
1395
1569
593
1993
514
530
1602
397
794
1305
1780
324
923
1059
465
623
1779
784
213
1817
1321
1592
373
463
1229
1610
1196
75
1658
137
671
1337
809
969
341
1787
497
119
1870
737
1267
405
1862
282
1801
458
704
742
806
495
1920
1058
92
1736
377
71
1551
118
1800
1345
1637
179
1612
1379
1112
776
1564
615
1939
1096
895
1745
1747
380
305
232
1762
1816
500
173
1664
1115
1351
1262
1509
840
131
344
1993
328
792
882
1272
122
616
180
1617
370
1473
1613
1632
853
897
1631
380
1821
1941
1448
720
363
1480
865
1217
760
1671
745
1972
284
976
1557
911
1152
1931
1758
1384
1957
484
137
616
1321
1948
1723
560
1877
608
791
197
549
1957
1290
263
1147
773
907
15
1653
453
1252
1310
222
1980
1855
802
1976
881
421
609
1139
1494
330
214
1267
619
173
1096
1817
1438
1311
1009
1403
416
1946
603
152
1066
984
1992
381
536
1224
766
320
1159
1541
1407
1542
1700
1118
153
1062
773
644
437
1592
182
452
1445
1768
464
24
1381
997
1851
1925
1081
341
1572
656
1070
1488
63
1306
1711
626
276
625
969
1361
1057
731
349
176
79
365
1185
1340
777
1707
1844
1288
773
1861
285
1041
865
1204
1877
177
343
1420
902
306
1769
1398
1326
76
490
145
458
892
1540
1260
1109
274
1024
871
1600
1101
1294
1517
1083
1467
7
1465
1298
643
1541
1606
182
1350
1864
776
835
731
1424
220
1550
659
394
1730
955
815
1237
719
1063
1819
1895
653
145
469
194
1341
470
1816
255
36
1781
1182
733
353
616
827
122
1567
1045
1113
1601
1211
1618
1273
242
1685
1361
888
1921
992
1297
1733
313
1328
1744
1042
400
152
1034
399
683
1024
1400
347
1111
1160
1355
1539
1832
1474
1365
181
1345
358
1657
793
1230
1113
1321
721
1290
1425
29
768
1378
411
167
394
303
1799
983
449
1528
1655
1480
685
950
263
357
1721
781
1851
1140
561
1220
304
122
249
1480
1658
1244
497
466
395
1821
1694
354
437
149
854
1111
190
874
1876
1190
610
575
1985
1580
518
596
560
189
675
571
891
1910
855
135
697
821
523
1251
1733
1475
1268
516
1079
416
1187
1496
431
274
322
487
639
1115
1531
1250
54
289
714
1592
1593
489
1879
1887
1833
237
317
1050
432
1651
1505
698
653
1568
953
742
36
864
1912
1368
912
1200
1233
641
1859
528
1297
1062
1239
867
33
476
1684
1638
1744
917
1512
85
1726
106
1944
1307
104
357
1521
1744
1553
1371
681
1459
1369
369
1861
1973
1439
1035
1175
1088
751
270
1
1916
921
345
1889
1909
302
461
634
758
506
46
1690
302
123
122
746
1769
458
1561
344
329
1084
1231
821
560
1521
990
34
29
551
1767
1701
1983
1596
1833
742
762
1596
578
1154
1283
996
432
1513
1128
1290
1111
1046
1484
1124
1387
1771
229
1285
91
1348
127
479
271
1023
1429
1432
1048
822
1725
824
124
643
1117
695
1823
1282
1908
983
1800
216
344
1331
1845
1004
1837
1550
441
1389
846
1582
1694
1152
1728
1569
1117
840
1232
245
455
765
1110
1609
314
340
321
1200
566
300
324
1700
1538
1859
98
845
51
893
917
1630
1981
377
724
581
906
1891
1075
109
699
1149
139
818
809
1449
217
1935
1647
731
1377
454
999
469
66
260
1249
849
294
60
345
1918
335
1672
1089
1142
1672
1865
430
1663
215
623
796
371
1354
230
582
859
453
671
783
1069
680
827
604
305
307
1887
1738
344
1864
821
60
121
1534
441
1190
1669
122
393
1266
944
1678
219
1797
1592
300
1800
1628
1105
1636
1104
1569
435
593
1561
694
848
1418
1124
765
1944
1874
1548
326
1718
1833
1004
1977
1527
1679
1775
1512
839
1403
217
1835
1036
502
903
7
633
835
1698
1358
752
1837
558
1774
1174
1172
1493
853
58
468
105
737
1145
1063
1674
1405
309
1284
1136
395
1443
1218
1825
304
1307
147
543
1150
1316
1839
1628
546
1984
1236
937
163
583
1021
203
1659
625
1744
1118
398
1617
1216
1283
1733
676
770
189
1547
1896
344
502
549
1348
644
1853
1014
649
842
349
904
884
1723
935
1252
277
1568
1168
385
1229
155
33
58
977
440
440
43
122
398
1386
72
1792
851
974
1334
1768
1857
80
1013
532
1256
1839
68
1151
1247
1889
1147
553
1538
1851
1180
246
1564
206
1800
1460
399
1252
92
1472
605
1928
479
656
1019
336
629
1174
360
1224
198
1205
1168
1521
407
1969
864
1905
1456
196
1733
992
1097
449
1808
667
399
848
1911
424
1093
1977
1464
1068
867
1048
158
641
569
689
1359
62
982
269
607
1923
163
1458
1243
1680
1680
234
1264
867
1360
1324
36
1697
1414
596
640
824
963
1731
1920
501
268
338
938
106
1562
32
1564
294
476
1759
1070
1345
602
373
501
999
737
141
1214
705
557
1993
354
1698
1569
1245
1602
1030
640
1424
821
1856
1962
608
342
1545
755
1766
490
1293
165
326
395
1190
384
1165
1427
1455
380
1731
56
1891
264
1441
360
1019
547
1577
1233
1349
294
438
1064
951
1194
493
1589
872
649
357
1279
1228
130
389
1137
1398
1693
1878
1918
785
401
914
1570
1669
930
1413
825
761
1718
1604
88
1677
341
395
469
1162
467
857
1460
1856
857
521
1658
1053
1544
1440
927
1836
782
681
1141
842
1044
1528
371
968
413
1896
80
1657
467
1296
1947
553
1846
181
214
374
1078
69
1861
696
1944
1912
924
189
955
1504
1292
187
1004
1909
1484
393
700
1358
242
1749
1064
877
1932
1317
1519
1992
1947
446
170
463
111
1152
1158
233
1800
1392
1721
1951
1474
1583
1840
1935
764
1070
1842
1997
457
1562
1169
139
1754
359
179
1907
1013
1682
1169
1091
235
733
503
1653
385
837
663
566
890
794
1078
222
721
1100
1730
1951
1535
1869
941
1189
1777
1240
231
1780
1097
1129
762
1166
614
1885
465
1942
771
1357
1104
222
1205
758
673
1713
1489
723
676
463
1144
1080
343
1419
584
224
1193
226
650
875
1774
845
1094
419
1812
1031
629
147
188
995
1697
667
1313
1691
1527
1705
757
1271
1136
1977
1737
344
1297
382
1580
1977
501
1685
985
