864,1040,824,824,284,1980,1596,1500,1756,316,1714,1714,1222
635,171,1059,1347,1603,391
427,1603,1347,1923,1263,462,1530
1546,706,604,348,60,1254,894
1767,1923,1347,1603
1040,824,1580,914
630,914,1580
1418,284,176
1969,859,1603,1347,759,1143
1603,1347,1923,1263,1206,1818
860,1116,1794,1794,1554,1162,250
140,1980,1980,444,1954,1954,850
1148,860,1116,1794,1770,838,1846,94
1140,258,186,1486,847,451,235,721,1849
1513,1531,883,451,1014,762,1362,732,1980,1256
1466,1798,1990,1702,822,630
1980,1980,1308,996,1144,16,512
1193,1193,1499,419,95,1526,630,630,750,1662
760,1252,1356,876,732,1980
1594,1482,1938,732,1980
1083,1587,1923,1347,1603,643
30,1263,1923,1347,1603,1687,583
1119,1923,1347,1603,247,607
1791,1767,1923,1347,1603,1603,1867
759,1347,1603,247,607
693,333,576,216,756,1418,398
1572,1828
964,1860,708,708,1884,138
1255,1603,1347,1923,1263
1915,1291,355,1315,163,195,579,131
1844,52,276,1956,1476,324,68,284
289,1243,867,1191,822,822,582,730,850,1474,188
123,75,867,1191,462,1722,1428,1432,1504
289,1243,867,1191,822,438,598,1174
438,462,1839,1191,867,1491,1779
850,586,582,534,534,462,1839,1191,867,163,451
1742,1742,1782,630,822,438,598,1750,1366
276,1956,1476,324,1112,992
706,1050,1734,462,1839,1191,867
491,419,1391,95,1526,630,630,543
1248,784,1504,1552,736,1501
220,604,604,1932,1572,1416
404,1084,316,892,892,730,1054,1135,1783,1491
220,316,892,892,730,1054,1135,1783,195,579,387
1347,1783,1135,1054,474,1560,768
220,316,892,330
220,604,1260,108
1175,1823,14,1370
1269,813,1149,352,1504,1552,736,448,701
1084,316,892,330
770,122,927
911,302,14,122,1634
1953,1539,1103,122,1634
1847,479,302,122,1634,770,108,396
1723,1339,1169
1928,1220,1634,122
1773,716,1634,122,1742,1319,243
1091,479,302,122,1634,770,108,108,84,1668
843,510,726,730,1378,1378,1396
1773,716,1634,122,1742
1283,1283,387,387,147,267,1387
1050,1378,244
388,244,1698,1594,1279
1191,1950,1878,1050,1378,244,1104
1640,464,1616,1872,1200,1896,1860,244,1698,1594,1462
1698,244,1552
688,424,28,1378,1050,963,963,1859,419
244,1698,1594,1255,211,385
1320,244,1378,1050,1050,438
688,424,28,1378,1050,1050,102
196,580,388,708,708,924,114,582,1975
590,1103,1859,27,603,219,1371,1729,721,169,1753
675,1467,1083,1371,1729,721
567,506,146,956,344
1467,1083,1371,1729,721,25
238,1678,1846,406,114,924,1572,744
1210,58,474,1626,114,924,276,708,856,1480
1067,27,603,219,1371,865
1616,1872,720,480,1032,1572,924,114,582,1558,310,886,718
582,114,924,276,708,640,1309,373
721,235,451,807,1167,846,1526,182,686
451,883,1531
1981,672,1776,408,1656,324,1604,956,146
1368,1656,324,452
1177,1561,721,235,883,1639,1279,982,1594,1698,96
1398,1887,1455,631,631,883,1531,1513,1689,1497
308,1220,68,1656,1245,1173
1596,762,1014,451,235,721,1705,697
1910,1526,270,954,1218,948
240,1756,10,10,118,1279,1639,883,1531
462,246,630,1526
615,867,219,1353,681,105,361,937,1561,1177
1748,1058,986,1526,1782,630,630,1146,1506,492,708,672
510,303,867,1515
460,834,858,1974,630,1526,1100,200
1526,1782,630,630,1146,1506,492,708,672,757
493,328,636,114,1974,630,1526,95
1526,1782,630,630,102,102,618,1570,1708,1880
1641,1641,219,867,87
662,1526,1782,630,630,462,1191,867,219,1353,681,105,793,985
