665
665
665
665
665
665
533
533
533
533
533
533
665
533
533
533
533
533
533
533
665
665
665
665
665
665
665
665
1719
1321
907
1042
1497
530
1274
1211
933
1093
836
1958
883
133
1790
1237
47
1292
901
146
21
1811
1007
784
881
33
1254
332
1119
1273
1483
852
113
665
327
661
873
989
496
826
637
41
1921
770
332
833
1248
333
11
569
925
402
449
1347
827
1275
1296
1714
1994
1178
496
1465
110
1347
1413
206
261
361
1385
1877
740
1637
395
1900
256
1398
886
407
225
1914
1158
243
986
107
161
1615
446
319
1916
1997
632
261
1175
283
809
444
660
1049
173
1840
632
830
479
1028
483
1212
430
1181
179
380
1826
1577
1973
567
1798
1140
1641
1233
83
445
977
1593
791
1163
814
471
1168
980
1805
480
1191
1752
1401
33
1063
1355
1586
1731
1486
545
386
798
1869
1622
1155
338
1168
1469
1901
1419
1205
985
1357
600
1453
301
1113
283
23
240
12
103
567
6
1541
257
1539
252
1625
531
904
1814
977
445
1251
1722
657
1257
769
326
1825
865
461
647
642
704
765
1832
72
770
453
1104
217
443
1145
1989
397
284
1493
383
1645
80
1276
1446
409
369
1952
1510
1842
1503
1300
874
119
1302
1680
405
1450
1349
218
1877
451
267
1755
1320
914
27
1509
1943
1443
416
811
1735
1340
110
443
19
1489
657
1647
1892
827
687
1720
189
1071
940
1060
520
1830
1685
1050
607
1739
379
1960
1307
467
929
1963
1693
21
871
1468
1429
557
445
48
827
454
928
1368
1836
1076
1517
1250
1463
1343
863
1696
581
1359
530
1482
1536
797
427
20
1712
1169
224
821
554
673
374
494
1267
1521
186
1426
1704
475
984
197
424
1073
1395
1011
1760
330
713
1394
1914
1626
1983
1433
147
725
998
552
1989
669
187
1713
11
1429
656
317
527
893
862
1226
592
1097
178
1113
506
1399
1303
790
162
194
1645
197
351
1571
249
30
875
1517
1038
54
1063
1841
1612
421
5
187
1751
1505
56
128
776
1455
101
519
1401
1265
767
1946
1512
1688
203
692
321
1494
1558
1186
1634
140
1752
158
1529
469
220
441
1779
1520
911
1475
761
835
897
1208
866
1109
546
741
1936
1275
722
941
1591
1775
192
1906
1735
1081
627
916
1241
679
1094
1145
386
1221
571
1844
1513
1202
445
1982
1303
1586
236
347
1951
934
500
1295
36
1703
1464
1661
172
1196
275
1239
1509
1832
428
1795
553
518
789
153
843
321
836
1235
293
471
1909
495
1167
515
1968
1464
811
1321
881
1518
1280
1712
145
1872
886
1310
1902
1849
1727
755
1757
1883
946
892
200
734
470
231
214
1671
812
46
20
1511
185
596
864
1235
123
1544
577
379
1940
1975
1997
1520
1221
849
777
1069
736
311
1496
1114
923
1609
1634
886
777
791
1439
1718
1340
1895
926
675
434
461
795
1504
551
1781
1347
691
1904
950
176
152
1121
1173
310
789
245
686
839
609
1856
1497
366
1739
1233
641
1867
79
1605
1687
983
1571
447
1118
1536
1617
343
1376
1649
1001
509
1188
1990
516
34
1629
559
815
1898
1048
762
1160
921
1624
467
1000
1464
1892
800
1499
1135
495
793
1426
136
20
113
731
1544
1431
1142
1494
1828
1091
488
757
1354
489
60
1868
1439
638
117
217
1670
145
1981
541
1221
891
1833
929
881
1466
416
1633
1874
1314
1098
1740
1088
620
1345
1376
824
348
966
994
1401
1410
1978
51
260
1221
609
1604
380
1914
1139
1665
1069
1765
994
1938
525
1083
110
197
525
1109
1356
1077
533
1421
1916
589
1370
1486
28
141
1905
819
1857
1176
1228
135
508
108
1093
656
1862
769
182
201
125
987
460
965
1869
1865
216
1598
817
1492
1739
519
508
1100
1817
430
1811
1618
1514
1770
1024
1016
101
65
525
413
1573
657
341
1990
1658
1714
611
653
727
784
446
1713
155
557
650
1606
1964
91
640
224
995
916
325
1198
1019
389
74
257
747
1541
1256
809
1373
1055
5
1853
1402
219
449
458
86
341
1829
1196
439
444
238
734
393
1286
1142
1703
134
13
1139
1800
1607
452
1772
1984
1172
1989
542
1133
1168
1935
0
324
22
1771
482
971
1178
1300
1677
529
597
44
653
65
316
1011
93
1025
851
264
1577
119
1001
23
1892
599
1744
309
432
873
1626
1512
1221
509
1322
45
440
1298
844
1597
949
781
1804
1321
133
1793
934
1424
547
1565
813
503
700
1025
656
1753
452
1083
578
1272
1348
1641
1409
229
371
1563
839
1849
1273
1901
952
772
1537
1111
1126
647
939
616
31
1291
544
1361
1091
1537
1427
1503
1537
610
1491
1601
811
1352
1798
72
569
821
176
540
631
1969
1355
500
1027
571
627
213
130
460
554
245
1756
537
92
857
1450
764
1208
1024
1562
1146
39
1764
415
757
1499
24
734
1481
918
1154
1097
1973
204
1009
793
1043
965
1333
1881
848
313
1017
1446
1509
1188
1189
1557
379
1129
499
657
873
11
535
907
1672
1403
1785
621
1125
279
1611
912
955
1523
443
767
1758
335
985
123
805
868
362
1769
1676
973
868
1844
125
4
1901
681
1328
1873
393
501
1597
1478
57
669
1564
809
1283
1280
1848
1361
307
125
1863
335
1721
557
701
494
281
1578
1930
1689
1901
1241
1385
414
960
1219
1586
215
302
793
788
167
1634
1097
1939
1224
1562
611
1566
710
1478
795
1789
828
85
1518
1871
902
