927,927,1143,171,1089
1839,1191,867,1515
303,195,843
1135,1243
559,1207,883,571
1615,1831,211,859
480,144,0
1668,516,900
924,828,828,1940
906,426,1386
438,246
1599,399,1551,1503,351
1839,1191,867,1515
1386,554
906,426,1386
618,1194,1578
874,618,1194
1642,1450,298
322,106,682,1642,1450
1682,1898,106,682,1930
565,501,525,525,381,624,1272
624,1272,300,1506
1812,1164,786,786,1722
1308,786,1110,318
1434,1110,1758,1263
1839,1191,867
1839,1191,867,1515
867,219,1353,681,105,937,89
992,1040,864,216,1836,1062,414,414,1575
454,1102
454,1102
1327,1102,454,1642
1062,414,414,1575
859,211,1831,1615
1392,912,1872
1734,114,924,1032,1032,336,1872,1391,419,1067,635
1224,720,1248
1831,211,859
1215,1503,1551,399
640,964,1599,399,1551,1503,351
1751,1503,1551,303
733
351,1503,1551,735
246,1398,438
1398,1974,630
1625,65,875,227,1775
246,1038,654,519,1491,33,681,1689
33,1491,1059,1731,1731,567
1788,276,1896,1533
727,223,1039
1039,655,79
1788,1140,168,96
463,655,655,943
591,1815,1491
591
1497,681,33,1491,1815,591
1423,271,15
591,1483,187
1219,67
322,322,1372,220,1948
67,1219
1397,1037,1280,200,1219,67
67,1219
643,1831,1102
1839,1731
139,535,886
1191
65,1499,1755,1731,1839,1302
1778,1962,426,906
906,426,1386,1391,419,1499
303,195,411,699
699,411,1491,1815,1167,1194,1578,1962,1778
1499,419,1391,90,234,426,906
284,1634,122
730,1698,244
1043,835,643,175,1594,1698,244
284,1634,986
244,1698,1594,643,1475,449
1927,1462
1855,478
1283,387
1855
419,1859,1827
1159,1591,475,699
906,426,1386,1080
1386,234,426,42
906,426
1836,1386,234,426,42
182,950
867,219,1353,681,105,985
1526,1910
985,105,681,1065,1065,219,867,867,195
867,219,1353,489
1665,411,1491,1815,1167,591,1039,223,1375
1415,1091,1739,1019
735,195,843
519,1491,411,699,1723
875,227,551
1010
1930,682,106,1898,1682
330,1734,1167,463,1615,1807,143
687,1167,1734,1734,1194
1167,1734,1842
284,1634,1850
284,1634,1850,694,526
1723,755
284,1634,1850
1348,1564,142,526,1462
1852,1372,1084,226
223,1039
405,621,864,216,756
703,1759,1039,223,943
1039,223,943,971
163,451,67,67,1615
790,526,78
163,451,67,67,1615
1270,526,790
1270,526,886,1564,1240
892,60,1692
172,636,60,554,122,1742
1756,1500,554,122,1742
1310,122,554,60,892,1642,454,1102
1642,454,1102
694,1270,1014,1014,6
694,1270,1014,1014,1290
1191,867,1515
694,1270,1014,1014,1722
1398,1270,694
738,1836,1836,68
1079,1987,67,1219
67,1219
738,1836,1836,68
67,1315
1872,720,480,744
514,730,726,1870
122,1634
1084,82,730,406,622
1731,1731,567,122,1634,1148,956
23,1503,1551,735
1248,600,1572,924,114,1734,1518,399,1551,1503,1647
176,1397
399,1551,1503,1647
158,1503,1551,735
726,730,1698,1698,1068
514,730,726
1396,514,730,726
348,348,1698,730,406,622,859,1339,1115
726,730,1378,1378,1036
956,146,794
956,146,794
195,1347,1603
108,956,146,794
1923,1347,1603,1543
89,187,1039,271
271,1039,886,1546
271,1039
1039,271
1039,271
1994
900,516
663,1491,33,681,1401
1705,105,681
554,1386
963,1859,419
1038,246,630,1526
419,1859,387
1526,1782,630,1038
640,4,532,963,1859,419
1878,118,1462,526,790
1330,886,526,78
790,526,726
1023,1270,526,1654
790,526,910,942
1338,426,1962,1778
1948,964,976,1552
448,1552,976,964,1180,906,426,1386,284,176
1338,426,1386,284,176
1083,1371
1555,1831,886
1054,1455,523
643,1831,886
1783,1135,1054
1083,1371,1371,915,1783,271,1486,442
802,1612
630,1038,654,1167
752,1476,1092,708,1828,1828,316
654,1038,246,630
802,1612,964,1720
316,1756,348,924
1398,1270,694
964,316,1756,1500
905,1067,1283
1398,1270,694,559,1207,883,721
1806,654,654,558
1806,654,654,558
1014,1398,1974
1806,654,654,558
726,78,654,654,558
912,1680
1143,495,702,54
54,702,495,1431,675
247,559
1062,414,495
1340,422,1294,1654
1391,419,1067,635
559,1207,883,883,577
991,1207,883,571
142,1142,854
543,1263
978,1434,1110
399,1551,1551,1758,1110,138,984,1872,1616,608
783,1503,1551,399,1327
1040,1296,144
1010
111,1326,678,1650
111,1326,678,1650
1156,580,388
543,1110,1434
886,454,778,130
886,454,778,130
1372,1426,454,1966
315,1755,1499
1083,315,1755,347
68,176,1013
1194,618,874,1450,316,964,640
1786,874,618,330
1194,618,874,1450,316,964,640
699,987,1707
351,1503,1551,399
351,1503,1551,399
158,1503,1551,735
937,105,681,33,843,195
351,1503,1551,735,1383,1491,33,681,105
1723
1666,1450,1642,682,106,322
490,1642,682,106
106,682,1642,1450
538,1258,1642,490
246,1398,438
630,1398
654,1038,246,630
246,1038,654
246,1398,438,744
79,1231,1615,463,1506,300,1272,624
624,1272,300,1506
415,1759,1039,223,943,971
1807,655,1759,415
1794,300,1272,624
438,303,195,1347,1603
654,519,519,339
54,702,135
675,1431,1791
495,702,54
1039,271
1788,276,600,384
271,1039
1039,271
1890,1188,864,1760
686,1526
60,114,1734
1734,114,60,348,220
1452,114,1734,630,1526,1910
1526,182,686
315,1371,987,699,1675
219,1371,987,699
1243,987,1371,1083
122,1742
699,987,1371,219,1742,1094,1490
1586,1658,1723
1723,1147,1963
1263,794,1202
1658,1586
74,1766
1023,1270,526,886,562
582,910,526,886,1546
366,910,526,886,1546
886,526,1462,1590
790,526,910,294
1348,1564
728,1564
1371,219,603
956,146,506,603,219,1371,987
1604,956,146,506,603,219,1371,1371,915,1564,916
606,246,630,1526,383
1526,1782,630,630,750
606,246,630,1526,383
592,1240,268,1564
1212,244,352
519,1551,1551,1758,1110,1434,1092
1980,138,1110,1758,399
1110,1434,978
1980
783,1503,1551,1551,1758,1110,1434,978
344,1616,144
1102,454,1642
1642,454,1102
1102
1903,1102,454,1642
1409,203,851,1175
538,1258,1642,1450
1970,1258,1642,1450
106,682,1642,1450
1450,1642,1258,242
1212,60,1884,1098
163,195,579
1256,284,60,892
1564,1240,592,1696
1347,579
992,200
271,1039
1039,271
1788,1140,168,96
200,992
347,603,219
1110,138,1596,984,144,1296,1040
635,1467,1083,1110,138,1596,984,1872,1616,464
1372,1426,454,886
1102,454,562,562,1372
1423,271,15,200
271,15
987,699
591
15,271
352,1552,400,295
736,1552,784,784,132,1815,1491,411
400,1552,784,784,132
784,1552,400,1912
1483,1447,1726,400,1552,784
1774,559,247,1075
247,559
1755,315,739,451,559,1462,1030
247,559
1774,559,451,739,219,603,347
1890,378,1791
978,1734,519
1167,1734,1734,210
1167
1062,702,1647
388,1732,292
580,388
67,451,1783
1769,1553,1067,1283
419,1499,905,905,281
414,495
1828,708
675,1431,1791,1194,618,874
675,1431,1791
112,388,708
138,1596,948
964,316
964,1612,802
1812,1164,786,1002,950,182,686
316,964
246,102
1038,246,630,1526
843,195,519,735,606,246,630,1526,1526,527
1526,1782,630,630,1254
1526,1782,630,1038
1731,1731,567
243,387,1731,418,940,1912
1971,387,1731
567,1827
675,963,1059
438,246
1751,387,579,247
246,1038,654
246,1398,438
114,1734,438,246
1102,454,1642,316,1756,1500
924,348,604
924,348,604
924,348,1756,316,1642,454,1102,955,699,987
454,1102,955,699,411
1164,786,1434
1812,1164,354
1164,786,1002
138,1164
827,859
735,1551,1503,351
1503,1551,303
1371,1083,315
399
1216
956,146,506
1604,1820,1010,1783,451,67
886,526,78
67,451,163
1588,940,562,1210,886,526,1462,1590,1010,1820,1604,56
750,1359
1902,1359
783,1503,1551
606,1359
783,1935
1743,1135,811
1807,655,1039,1135,1243
257,1067,419,1391
802,1039,655,1807
635,1067,419,1391
1783,1135,1054
1415,119
1347,1783,271,1486,262,682,106,1898,98
1594,1486,271
1635,1783,271,1486
347,1755,315,1083,867,1191,1191,831
571,883,1207,559
1956,1476,324,284
1921,235,883,1207,559,1956,1476,324,140
867,1191
876,1410,114,1734
1723,1339,1979,1979,1097
1734,114,60
246,1734,114,60,348
876,1410,114,762
1312,1552,784,74,1766
352,1552,400
794,1766,1199
794,1766,1243,91,859
1418,1706,1766
1774,559,1219
1774,559,451
336,516,900
516,900,1652
516,900,68,680
419,1859,387,1731
1272,624
4
1677,624,1272
397,1936,4,388,1284,1668,516,900,68,500
1642,1450,298,1506,300,1272,624
1995,91,859
624,1272,300,300,1746
1362,300,1272,624
624,1272,300,1506,298,1450,1642
783,1503,1551
130,778,454,1966
786,1110
1750,454,562,562,1372
130,778,454
783,1935,687,519
1839,1935,783,1742
626,1094,1310
68,1476,1956
271,1054,1702,402
303,195,411,699
1980,924
303,195,843,1275
1275,843,195,1167,654,1038,246
419,1391,630,1398,438
174,246,630
950,374,630,630,750
1653,1216,1864,1974,630,1526
822,630,1526
315,1755
1194,618,874,154
498,618,874,154
1677,624,1272
1923,1347,1603
874,618,1194,1506
1642,454,1102,1183,655,79,1871
1791,414,1062
1350
1903,1102,454,1642
655,1183,1102,454,1642,682,106,1898,1682
924,114,762
492,114,1734
762,114,1410
794,146,956
1734,114,1410,876
654,1167,1815,195,1347,1603
1014,654,1167,1815,195
119,1415
519,1734
654,519
22,535,535,499
135,702,1062,738,1548,1872,720,480,1032,1174,1102,535,535,139
135,702,1062,738,1548,1872,720,912,1392
499,535,1102,1174,1032,1032,336,1872,900,738,1062,414,495,1431,675
1032,1032,336,144
1062,414,414,1575
200,554,1386
1062,414
1062,414,495,399
1062,702,135,1755,1499
1156,580,388
138,1164,1812
1039,271
271,1039
271,1039
763,699,987,867,1191,1191,831
783,911,362,200
15,783,911,902
1839,1191,867,1515
699,987,867,1191
1347,1603
1603,1347
1603,1347,1923,1263
1347,1603,1603,1003
1923,1347,1603
480,624,1272,300,1506
1386,554,284,176
624,1272,300,786,1002,1386,554,122
624,1272,300,300,642
419,1859,387,1731
1850,1634,284
1039,271
284,1634,986
276,924,114,870
1572,924,114,582,271,1039
603,219,1371,1371,627
1083,1371,1371,915
1778,1962,426,1338
1482,426,1386
1083,1371
1650,678,327
699,987,1371,219,1010
699,987,1371,219,867,1191,678,1650
699,987,1371,219
219,1371
454,778,130,1680,912
940,562,454,1966
1372,1426,454,454,1822
528,912
912,1680,1324,1378,730,406
867,1191
867,1191
867,1191
1839,1191,867
1839,1191,867
784,1552,736
784,1552
736,1552,784
220,604,604,1068
892,316,220
1039,271
699,955,1723,1249
1039,1423,510
271,1039
1240,268,1564,1039,271
892,316,220
604,220
1932,604,220
564,316,1084
1660,316,892
15,271
271,15
271,15
1504,784,528
1248,784,1552,592,1240,52,591,591,1047
316,1612
1284,1668,516,1604,1820,1010
316,964
964,1612,802
624,1272,708,1828,1828,316
1971,387,579,1059,519,1734,114,60,444,828,828,1940
451,559,1986,1884,1980
1971,387,579,1059,519,1734,114,60,444,828,828,1940
247,559,1774,742
654,519,1059,579,387,1971
1564,916,1528
1528,1564
1564,916,1528
1595,794,554,810,1194,618,874,1564,1348
1528,1564,874,618,1194,810,554,1706,1766
492,114,762
60,114,1734
762,114,1410,876
372,114,762
1452,114,1734
735,1551
415,1887,735,1551,759
415,1887,735,1551
1551,735,1887,1135
426,1770,1770,550
1604,956,146,506
1588,130,778,1318
1604,1820,1010
956,146,506
1604,1820,1010
28,1378,1050,426,1994
1994,426,1770,1770,1378,28
783,1935,1935,1767
244,1212,838
1564,1348
1415,119
1415,119
1627,915,1167,654,1830
1847,1415
98,1718,1294,1654,310
1567,1743,399,1551,1551,1758,1110,1164
1551,399,1743,1567
1630,1743,399,1551,30
894,399,591,1999
1567,1743,399,1551
438,1270,694
708,388
976,388,708,708,924
708,388
1047,1491,33,681,921
271,1054,1702,1162
635,1467,1083
1499,1755,315,231,1054,1702,82
554,1386
1386,554
1348,1412
1319,851
1412,1348
1799,323,1975
1639,883,1531
1742,122,554,60,892
219,1371,987,1243,1135,1054,1702,1378,1324
28,636,1692
122,1310
658,1702,1054,271
738,1836,1836,1688
1642,490
490,1642,1258,538
1188,1836,738
252,36,708
1014,1398,1974,1742,1175,707
396,444,60,1756
396,444,60,636,28
1974,1398,1014
406,78,1014,1398,1974,1839,1191,867
142,526,1462
566,1654,526,1462
1462,526,502,1646
478,526,502,1646
1356,600,1248
1612,802
964,1612,802,1731,1731,567
956,146,506,567,1827,1059
316,1612
316,1612
1980,1596,300,1272,624
624,1272,300,786,1083,315
635,1467,315,1281
1515,1515,1467,635
347,1755,315,1659
848,200,1820,362,1334,14,630
592,1240,268,1564,14,1334,362,1820,1172,200
592,1240,268,1564
14,1334,362
592,1240,268,1564,1090
784,1104,1680,696
675,1431,1791
675,1431,1791,696,1680,1104,784
1431,1791,696,1680,1104,208
654,519,1707,987,699
68,900,516,120
1956,1476
122,1634,68,1476,1956
1476,1956
1476,1956
1742,1391,419
419,1391,1742
1644,604,220,1546
1836,1742,1391,419,675,99
892,316,1084
1272,624,1677
1933,1888,1240,1420
1818,1130,554
90,1994
554,1386
1836,1742,1175
1839,1731
396,444,60,636,28
396,444,60,636,28
60,892
783,1359,1983
1272,624,1677
1653,1677,624,1272,786
903,1935,783
1922,783,1359,1983,1272,624,1677,1653
372,600,1248
143,1807,655,1183,1716,600,1248,1685
1845,1248,600
372,600,1248,1005
157,949
1276,1564,1240
592,1240,268,1564
848,200,662,1782,630,630,1686,1564,1240,592,61
606,246,630,1526
992,200,662,1782,630,1038
271,1054,1702,82
67,1219,271,1054,1702,402
1062,414,414,1575
1062,414,495
106,682,1642,1450,1738,730,1702,1054,1455
1386,234,426,906
905,1067,1283,1647,1503,1551,399
735,1551,1503,1647
1386,234,426,906
1338,426,1386
579,1347
1594,1698,244
579,1347
579,163
244,708,1092,36,1548,252
1839,1191,867
1937,1067,419,1391,1732,292,1348
1551,1191,867
580
404,1924,1156,4
571,883,1207,559,1774,1270,1014,1014,114,1572,1248
315,1083,867,1191,1182,1806,694,559,1207,883,571
867,1191
1083,867,1191,1191,927
438,1270,694,559,1207,883,883,1921
203,1755,315,1083
315,1755,347
1293,1216
1994
1386,554
490,1642,682,106,1835
490,1642,682,106
106,682,1642,490
1126,1642,682,106
1402,106,682,1642,490
1319,1503,1551,735,271,1054,1702,1702,1266
74,1766,1359,1551,735,271,1054,1702,1162
271,1054,1702,1702,1738
1522,730,1702,1054,271,735,1551,1359,794
1586,1658
902,911,783,846
859,211,1831
911,783
783,1631,1847,1523,443,59,1211,1467
911,783
1974,1398,1014
699,987,1371,219
1014
1038,654,1806
200,317
859,475,1267
862,106,682,1642,1450,28,240
864,284
970,682,1642,490
242,1258,1642,490
142,1718,98
843,195,519,735
411,195,303
411,1491,1383,1383,735
735,1383,1491,411,1243
1039,655,1807,1564,1240,592,400,1552,1936
1039,655,1807,1564,1348
52,1564,1807,655,1039
415,1759,655,1807,1564
1552,400,592,268,1564,1807,655,1039
1283,387,387,1335
1731,387,1859,419
1731,387,1859,419
579,387,131,1283,815
963,1859,419
562,1102,1831,211,859,699
1546,886,1831,643
1143,495,702,54
1546,886,1831,643
790,526,910,294
480,1104,208,328
1560,1680,1104,208,964,1612,559,1207,883,571,699,699,129
475,1267,1159
475,1267,1807
1295,1591,1267,475,699,987
1677,624,1272
1653,1677,624,1272
579,387,131,1283,815
1272,624,1677,501,565
1841,200
1666,220
1012,802
122,1634,1148,1404,828
1980,1500
1983,1359
708,708,924,114,870
271,1039
271,1039
271,463,1615
1194,618,874,490,1642
1263,1551,1551,1758,1110,1434
1434,1110,1758,711
1310,122,554,36
1202,122,1742
1115,859,1263,1551,1551,1758,1110,1434
1769,425,425,929,1523,1847,1038,1014
1038,654,78,726
1806,654,654,1638
1014,1398,1974
1014,1038
402,298,1450,1642
1742,122,554,1578,874,490,1642
1039,271,735
1263,1742,1418
1039,271,735,1551,1503,1742,122,1202
603,219,1371,1371,915
1476,1092,1572
1572,1092,1476,1476,108
315,1083,1371
1476,1092,1572
68,1476,1956
900,516,336
1434,1110,1758,1263
419,1742,122,1634,68,900,516,336
1476,1956
1723,1147,1963,1635,1167,654,1830
654,519
106,682,1642,1450
25,475,859
754,682,1642,1450
1839,1191,867,987,699
699,411
1731,1839
1415,1091
1415
1806,654,654,558,167,1523,929
1284,1668,1668,1812
78,654,654,1638
1806,654,654,558
1092,1668,1284
1450,874,618,1194
154,874,618,1194
271,15,867,219,1353,873
1786,874,618,1194
316,1450,874,618,1194
1642,1450,298
1642,1450,298
298,1450,1642
1642,1450,298
298,1450,1642
1680,1104,208
1555,1831,886
696,1680,1104,784,1504,1597
195,519,1734,696,1680,1104,784,1504,1597
696,1680,1104,784,1504,256
859,211,1831
1831,211,859
1831,211,859
1680,912,1791,1431,1755,635
912,1680
699,987,1707,1110,1434
1650,678,1707,987,699
696,1680,1104,784,544
208,784,528,528,93
1362,1434,1110,1707,987,699
1450,1642,682,106
1723
1731,1839,490,1642,682,106,322
1839,1191,867,859,475,1321
1723,867,1191,1326,954
1839,1191,867
106,682,1642,1450
106,682,1642,1450
1083,867,1191,1191,831,490,1642,682,106
106,682,1642,490,1839,1191,867
276,924,114,1830
1830,114,924,276,708
1368,1548,252
276,924,114,870
36,1548,252
1054,1455,523
1415,1091,1307,59,1211
1054,1135,1783,1635,1755,1499,1307,1091,1415,362
1347,1783,271,1486,1414
1783,271,1486,262
176,1580,914,1263,1923,1347,1315
1347,1603
1580,914,1263,1923,1347,1603,1603,559
1504,784,528,528,600,1572,924,195,1347,1603
1603,1347,1923,939
802,1612,964
964,316
1612,316
802,1612
1859,707,1667,659,443
1062,414,783
1219,67,619
1994,1062,702,1647
1842,1734,1167,1551
1219,67,619
271,1486,262
262,1486,271,1783,1491
1486,271,1783,1315
442,1486,271
1404,572
78,910,526,790
67,451,1783,138,1164
1164,786,786,390,1783,451,67
986,1634,284
238,1102,1678,726,138,1164
802,1680,912
802
1516,802
1836,738,1350
802,1680,912
347,1755,315
1807,1159
1167,1815
519,870
1447,1807
1172,1220,1812
187,954,1994
1467,1107,1719
794,554,810
1483,187,937
67,1219
1348,1060,1732,1143,171,1953,1769
67,1219
4,1156,484
1467,999
976,1552,736,1888
1353,867
242,1258,1642,490
538,1258,1642,490
80,1168,1552,976
347,1755,315
802
219,603,1755
762,114,1410
1839,1935,783
142,526
1348,292,1732
909,1677,624,1272
526,142,1115
1079,142,526,1462,1272,624,1677,909,1397
397,1936,4,1108
1248,600,1716
1248,600,1716
142,1142,1142,1439
1716,600,1248
911,527,783
902,911,527,783,867,219,1353,1881
927,1103,911,362
1483,187
1479,219,1353,1017
1933,1888,376
1420,1240,1888,1933
933,1933,1888,376,1444
686,950,1782,1638,376,1888,1933
1420,1240,1888,1933,789
1462,1855,559,451
559,247
559,247
1774,559,451
1839,1731
906,426,1386,554,1706,1766
1626,1167
315,1083,1371
1083,1371,1371,1491,519,1734,1734,1194
1626,1167
624,1272,300
1506,300,1272,624
572,1596,300,1272,624
624,1272,300
624,1272,1164,354
1734,114,1452
60,114,1734
864,1040,992,992,1172,1820,1010
1872,1040,992,992,1172,1820,1010
1872,1040,992,992,1172,1820,1010
1284,1668,1668,1812,1164,1110
699,987,1371,1083,635,1067,419,1391
1391,419,1067,635,1083,1371,987,699
559,1207,883,883,577,699
1067,419,1391,1092,1668,1284
105,681,33,1491,663
1392,912,1872
1059,579,387,1539,1143,1953
1032,1032,336,1872
144,480
726,730,1378,1378,1396
832,400,592
1115,859,622,406,730,1378,1378,1396,400,1888
827,859,622,406,730,1378,1378,1036
622,406,730,1698,1698,1068
210,1734,303
1167,1734,1734,210
42,1086,1167
1842,1734,303
303,1734,114
1996,376,592,1696
1983,1359
1552,592,1240,52
1564,1240,592,736
592,1240
1526,1111,1399,1507,859,1777
1945,937,1705,859,1507,1507,247,387,131
1782,14,1334,362,200
1910,1526,270,954
1859,707,1091,875
1310,122,554,1962,1578,1194,1194,1086,1167
1167,1734,1734,1194
1167,1734,1734,1194,1578,810,554,122,1742
122,1310
1490,1094,1310
438,1270,694
438,1270,694
438,78
694,1270,1806,654,1839,1191,867,1515,1665
1083,867,1191
362,554,810
903,219,1353,1641
1818,1130,554
1111,1399,1507,859,1777
1111,1399,1507,859,1777
480,208,964,1180
1180,964,208
142,526,1462
208,964,1180
526,142
1974,630
867,219,1353,681,105
1974,630,1526,1922
1255,579,387,131,1283
1974,630,1526
36,912,1680,1402,430,943
912,1680,1324,1378,730,1702,1054,271
271,1054,1702,1378,1324,1680,912
1680,912
912,1680,1402,1726
271,15
964,316
559,991,271,15
271,15
316,964
373,1021,1156
1588,616,1021,373
1793,659,1667,707,1859
572,1404,1314
828,1404,956,362
