341
341
341
341
341
341
341
341
341
341
341
341
341
341
341
341
341
341
341
341
341
341
341
341
341
341
341
341
1514
589
844
775
1794
1201
274
1167
122
880
662
469
1505
85
1364
1386
872
473
1616
69
1425
107
1211
441
636
296
1160
1413
256
1650
1131
314
611
837
1055
97
498
897
435
1361
92
260
1693
241
785
608
1797
1043
1509
1317
811
463
335
1216
587
1444
1284
1757
512
1728
839
1170
1447
377
183
497
524
284
1920
389
1089
1981
492
1523
721
1928
309
1467
1805
1088
1916
1375
405
914
1522
825
458
1793
1499
114
1642
1444
316
911
436
340
1717
252
1876
1110
1910
71
547
1449
206
770
544
1937
1628
1231
11
1869
1847
1711
1748
687
1432
1876
1508
371
176
1760
1377
12
1515
1541
1661
1887
368
476
1814
1712
724
1345
56
116
1375
65
1370
1765
342
1888
242
231
1798
1219
1714
1853
1131
185
1115
1356
25
169
1769
1630
1265
749
1315
1887
1663
1658
1813
617
86
1537
1111
1819
107
964
1800
441
965
1579
900
488
1670
1530
1652
847
462
1234
847
1505
1580
297
1449
57
1232
423
1727
1601
440
1969
334
90
1611
1529
687
1345
1364
594
1922
953
941
187
1684
735
1232
863
194
1283
366
416
1712
407
965
1958
674
15
562
1692
392
41
1371
1646
545
1875
1186
347
1379
1468
1419
72
1471
891
335
487
1472
1609
1008
881
1135
1047
228
231
882
318
1258
1250
80
557
67
149
68
663
1382
841
1696
1605
1267
1397
39
1829
743
596
283
1765
1489
1605
209
350
98
1132
1864
946
1865
293
1102
490
1472
1569
161
1454
158
1289
411
1463
349
1849
1786
1726
867
466
1638
1077
373
44
914
1915
602
593
59
305
908
797
237
499
1351
848
1782
548
1934
185
1094
1386
724
329
347
1525
406
580
592
976
607
270
1055
601
1640
380
241
1643
5
918
875
746
911
662
1958
924
1331
1836
1188
797
664
1085
904
792
579
569
1762
239
35
1935
539
776
1173
278
1177
1565
1122
1149
1874
1992
527
1743
1628
1289
976
1497
1171
1517
1707
388
1587
923
763
1972
817
1515
1973
1787
222
14
1364
893
1181
12
965
1506
1474
1700
1389
1189
1000
281
1023
876
1653
1205
1097
702
1109
510
149
14
1996
480
177
1900
875
715
1973
896
1241
1696
1562
134
773
1067
931
1046
741
1718
1726
810
1730
1749
1305
922
1117
825
414
1401
1295
276
1949
687
659
1270
1724
454
1283
1323
1368
253
297
1323
901
22
784
1253
421
708
453
584
1338
926
801
186
827
1144
1423
1610
1825
158
913
1897
1607
705
1504
1177
512
1437
1715
811
439
744
864
1296
11
297
1244
1354
1211
1872
553
1969
1339
1091
1102
1696
1520
1168
468
25
1817
505
1138
1096
560
126
61
431
246
1807
1521
1862
543
413
1266
788
1397
1968
1186
1811
1574
287
1061
837
1318
1765
1142
1376
741
9
289
581
1025
634
58
1156
321
1649
741
1829
1036
977
372
804
15
1142
1622
551
198
309
445
1992
1461
1028
1840
1982
137
1216
1942
1056
1404
475
1553
245
916
263
1660
1604
1600
1734
453
1813
1706
1650
1655
1247
851
128
1408
1981
1896
989
314
757
851
1899
112
500
1933
1017
1258
878
1037
1854
1318
648
1661
1670
1816
647
278
852
775
1995
445
656
632
1306
526
1811
528
302
966
1505
821
717
501
871
1408
1312
1715
1265
1323
1476
290
143
1823
740
248
1125
1029
1356
597
74
1098
613
102
1287
1514
813
1758
797
1757
50
938
654
709
903
140
1166
1601
437
1859
157
1276
1333
1568
985
1856
991
1807
864
168
440
911
1049
250
1208
1759
1883
247
225
1575
1378
1410
281
1551
196
1196
251
1505
345
273
704
203
1246
1293
1118
1860
102
1302
1618
1833
1961
599
1346
899
368
320
1064
1905
1658
696
1730
1407
1345
1038
158
1481
423
1699
288
818
1106
749
1873
201
1193
1820
487
1767
808
1662
1792
1031
291
897
1943
1417
1141
520
1233
412
1798
1517
1166
1417
1669
1295
21
1621
295
818
581
67
1637
425
869
802
888
851
1595
78
1578
883
244
95
1940
143
1305
95
1246
620
178
402
1083
643
519
1825
311
668
322
5
1820
1442
704
660
1193
1580
1331
1038
484
25
781
1973
1187
1953
596
252
1207
1216
511
1187
254
1021
1511
1654
871
964
98
584
984
1592
244
1364
1115
1518
843
156
577
22
1906
1183
1188
115
144
306
2
1884
564
897
1305
1293
233
477
1520
980
603
584
1813
1935
1293
541
469
1812
1514
861
195
1435
1613
1775
932
1205
1622
91
1600
1309
487
6
1909
811
650
1477
527
73
1682
354
925
1488
1119
1673
1109
329
1807
377
1549
368
837
478
659
710
1693
1227
1673
380
89
1017
983
1372
974
1784
791
1464
261
914
1017
2
62
1232
329
163
1291
939
307
764
1412
653
1302
1385
373
869
453
831
406
1568
92
750
238
1480
1077
325
453
1982
1222
1816
1824
829
70
16
952
1804
833
1467
1336
1680
1966
1244
1437
1733
1025
1117
589
1764
136
1624
1241
306
974
257
793
1816
64
546
864
641
301
1718
1865
175
1904
1093
42
1293
1761
1925
462
1533
1155
109
1910
1977
1970
1838
404
713
1363
1969
1922
56
210
20
1928
1309
1937
1874
1572
1759
831
639
1440
1014
953
357
353
916
1474
429
583
1504
362
1026
1507
1477
1973
1366
880
1267
79
535
1933
1087
281
200
1794
