340
1685
1305
63
819
971
362
776
937
1565
1989
683
1184
363
405
333
1296
1469
1565
348
1913
1484
1993
94
917
1504
1965
130
525
576
1959
1826
1169
414
563
77
638
1268
791
1413
395
429
1737
558
672
1275
1126
578
1273
425
672
1749
209
526
979
1542
721
1739
290
644
1166
677
257
329
1225
1913
1280
681
1581
459
613
1487
1334
1988
677
1995
1048
205
260
190
1104
323
1755
1773
253
219
445
1977
1515
898
1066
400
530
608
1808
390
318
30
1033
413
602
1290
421
150
75
1421
534
1801
1682
1721
103
1330
953
1565
547
219
1587
1331
1033
1997
1834
259
691
1659
1259
1970
1403
1222
1143
555
1783
296
1199
799
1472
1492
25
602
427
176
815
1397
125
637
357
1767
1449
1234
1691
1482
821
60
397
991
618
1476
1056
1817
1502
1327
1163
1309
1252
1195
621
1525
114
1301
1660
317
475
1983
1557
1438
1263
2
1068
1240
829
917
784
1384
390
746
1901
1819
437
1037
1844
1379
1334
306
809
985
1383
200
1668
1286
1216
763
945
897
1217
405
743
59
770
1018
1193
563
729
1032
1650
1618
1916
969
505
1801
1851
463
830
47
899
1412
1139
143
1940
110
1749
126
341
197
1242
1415
560
968
248
1511
254
149
281
729
91
1541
517
1233
1602
1700
993
1114
537
1315
1406
519
366
1650
769
1644
147
1381
1505
1930
417
1654
81
1258
1982
409
1678
604
431
1203
1186
793
527
1881
1245
435
437
1942
581
1965
389
688
760
1115
878
1685
1797
1117
61
1940
1748
1638
74
1853
136
1839
1950
606
9
480
1619
1629
1393
945
1835
606
1466
653
1504
1090
1793
1981
1787
791
634
810
17
1482
1676
1621
1425
1614
1979
1484
77
416
1061
1772
1371
71
1808
915
1677
1736
32
773
381
1184
1763
200
1417
1211
1175
1352
1658
429
1321
1321
1826
1275
778
739
1591
847
628
1264
1603
456
1881
1415
1733
776
1377
1753
1252
1581
1993
1789
361
1505
446
437
851
437
698
1274
740
1334
229
1312
943
1800
997
1096
1316
1928
892
1360
1475
830
979
1996
284
472
753
565
250
152
673
1086
1620
1583
1180
1620
25
914
834
1728
234
1073
1946
806
958
1823
800
758
950
497
1448
483
1709
1353
646
315
1549
1455
1593
1653
1882
701
1217
1634
469
1532
1690
302
737
640
455
1829
1269
689
1226
1081
1449
12
1426
580
645
795
1724
657
649
97
95
1480
433
314
86
980
1039
1706
1604
934
1655
1681
1388
980
1726
1370
617
396
1436
1514
448
1021
1418
899
838
1882
634
1249
202
1646
1559
1764
955
737
1840
1330
347
937
649
122
1483
1517
179
1580
674
1566
160
1853
332
686
23
1594
550
398
268
590
1685
1844
242
1259
352
1868
249
704
932
1126
939
769
883
1020
801
1470
1373
1564
207
977
476
541
26
515
938
1644
1739
233
1668
989
1613
367
421
1535
1136
638
569
1829
234
396
405
575
1519
1056
442
365
821
1605
619
152
1435
889
685
1674
1743
1659
1726
170
747
443
799
553
139
1754
1683
72
616
1154
94
1561
1075
697
783
712
1501
1965
1241
1669
449
1197
396
1383
999
1529
975
1907
1453
1977
1688
1228
1655
144
757
4
942
738
602
188
1438
72
347
1205
1875
907
376
77
83
1773
1499
204
1989
45
452
746
270
712
1873
1757
1529
1342
1280
707
515
1814
1874
1801
1853
722
182
1541
1246
620
1336
560
797
94
100
1159
1715
1288
333
613
1018
1747
216
612
89
1137
1647
774
981
1023
1125
185
1726
773
1189
1370
275
1494
1128
959
1911
745
1521
415
1245
1418
160
97
1835
1208
943
1927
416
1887
1840
896
318
1511
1234
309
1052
1753
164
378
570
911
1472
95
1914
1235
1561
37
738
1858
457
1821
486
655
1087
810
956
1906
686
494
1481
1703
1550
1106
1634
905
221
1707
1168
900
142
1385
296
562
1163
1385
1080
1189
884
449
1665
1196
1864
1275
1525
141
289
1152
374
118
668
1595
931
456
983
1947
445
1130
1612
1300
1088
1762
1453
547
612
1200
971
7
1897
1429
1369
578
1905
781
637
1384
459
376
1556
329
1578
1448
353
443
1962
13
238
1646
651
57
1534
1469
1634
1240
207
1130
925
1110
481
459
288
1420
404
340
886
779
1746
1376
899
1808
1126
1747
1163
1885
326
283
1909
1541
1408
654
466
121
833
253
366
371
1171
597
417
319
1754
1618
487
731
229
1777
1981
542
670
737
864
624
1698
176
527
1829
485
1213
1898
1992
1181
1420
536
1748
1479
483
36
1449
9
1879
373
1695
303
1523
1811
1931
521
171
823
1553
308
1107
101
893
364
665
1128
1249
924
863
569
286
1625
806
829
1596
527
676
605
1770
1497
866
932
1584
1770
532
641
818
1456
1186
778
924
33
146
1742
985
1824
743
913
759
1759
578
1634
1148
109
128
1055
666
266
166
156
1589
464
1447
1091
248
782
896
505
1349
631
380
1763
640
1154
1151
573
1310
1340
1941
1569
1082
446
52
1720
1104
950
597
1131
1348
933
1979
1855
1101
5
1537
993
1609
596
227
925
516
933
1720
830
1792
383
1969
1534
1479
1335
413
1355
884
44
1040
81
127
733
1661
79
1596
375
1237
1631
1707
220
400
556
560
1362
1145
149
992
839
1092
1957
1829
492
1037
1970
434
763
1468
1429
82
1148
611
78
671
927
272
569
1468
734
99
668
1622
169
1753
1241
961
474
1186
1072
750
1541
739
406
1189
1794
700
1541
1022
763
1852
1137
1310
1361
1385
901
1544
859
272
1692
1718
301
280
1661
699
1937
1680
276
512
1475
487
1211
1049
1096
125
707
1550
1811
281
894
235
1511
530
282
1274
146
1799
1842
1242
1541
817
1521
933
318
260
1703
846
1956
788
602
1491
1348
1835
911
755
1032
621
1529
207
1408
1523
1650
531
612
1941
289
1765
143
189
1013
1931
503
634
1484
332
1046
1082
15
809
961
659
1205
793
957
220
848
387
858
678
1247
1160
1353
1444
852
1892
1552
204
603
512
972
1073
1352
128
351
1442
260
1860
1001
855
811
1625
1490
313
1371
308
317
544
1195
757
1835
1387
1813
1243
1313
736
1197
305
864
375
543
1506
1165
1317
615
1061
525
1553
1595
397
1538
478
98
1869
234
804
1145
1461
504
551
1153
235
509
1337
977
1362
1805
1398
109
809
1579
67
971
1041
1193
780
240
793
428
146
1914
874
533
546
1702
429
681
1061
1493
230
1167
883
520
1184
314
1680
854
727
782
1401
1170
1724
1652
1261
1346
315
418
1346
665
105
164
175
734
1572
1468
1284
1544
1843
1513
218
650
969
920
1765
1837
1426
842
1333
1580
985
1623
953
1630
571
1904
1134
522
1132
1268
568
1811
1461
1353
1866
1621
930
727
335
685
497
486
399
491
329
1304
655
1572
470
431
789
380
1173
1108
555
1297
731
225
1859
1005
1371
563
918
218
767
418
123
1625
1489
1524
1750
282
1140
1560
7
983
994
1365
593
1563
1329
1493
1057
1591
1086
45
1441
747
702
1084
703
1196
744
1837
1818
1752
1977
361
36
589
1571
1650
324
1253
35
77
1424
232
209
858
1583
131
892
709
829
647
948
559
1399
406
204
1817
1381
1751
1912
9
865
701
1621
972
1151
1062
1098
191
828
833
1136
165
872
1762
565
1740
957
951
1029
1907
1043
853
308
80
535
287
211
709
363
1128
1816
1864
900
546
597
725
1526
1745
1632
1280
1303
127
1911
1932
1616
1605
949
383
1028
1847
1031
1033
1918
991
1645
709
1541
1955
135
1330
183
88
1488
1152
981
1259
645
1640
335
1421
1911
1945
1485
1694
1610
263
1689
416
924
1581
338
1586
657
1180
1566
1849
810
1764
64
1041
1755
926
1916
1589
249
383
1370
1745
1648
681
552
159
945
989
23
1463
1894
189
1190
1833
1248
1510
402
441
585
600
1294
998
794
310
571
751
467
1560
471
245
1341
497
1451
484
308
395
92
1915
1919
1681
779
1677
1037
1976
1607
341
1183
1586
532
1522
1267
698
1663
1943
613
43
640
1898
1697
1818
1839
280
265
453
1494
1010
236
1819
1934
243
501
640
285
1827
1871
638
1132
1310
986
233
956
941
657
741
1861
327
319
1740
264
94
937
1824
303
1341
1703
1398
1842
1418
1829
1226
1450
1414
1215
232
25
1950
256
443
754
258
47
1168
81
861
686
213
157
516
1649
207
907
1422
1305
1951
804
1961
1602
727
830
1540
1691
1356
386
909
1277
558
1110
1861
1336
1644
731
1109
486
1934
864
579
257
197
1111
4
1993
273
1278
1197
1705
1626
112
1218
358
892
1599
161
1029
1978
111
647
824
640
1864
422
688
568
62
776
1977
1142
1553
1475
1843
1093
1441
1222
1799
514
481
506
322
1413
1775
1213
1284
1976
1058
495
1604
1210
920
1556
437
500
364
667
1588
1428
935
1684
1064
904
836
158
1781
1154
1308
873
827
1084
1375
1038
1517
1863
1140
664
163
1004
1388
530
290
1049
1304
557
1186
1946
25
305
913
1417
568
1657
1595
989
888
1000
1342
1852
47
1910
977
632
1412
136
1838
972
1901
1267
81
1094
1401
274
1741
628
1249
1458
1871
826
972
12
1687
326
1638
1463
1473
1333
1337
496
456
1520
220
1215
1580
159
1325
1909
502
1501
455
629
1718
1615
1838
743
1258
719
99
49
484
1633
1457
92
1549
1615
587
359
26
1744
34
2
629
1859
969
349
1345
1414
603
837
138
79
1061
417
1676
1529
1416
1997
1430
191
1802
1737
950
1889
701
1961
642
997
1526
542
985
423
1272
1454
833
490
497
1490
1444
613
437
1786
1601
437
737
1823
1601
836
1088
1744
11
1233
1475
1577
1269
1759
1010
1999
816
1473
561
1695
1470
1909
427
35
397
439
1984
1661
930
269
1502
1231
461
1711
1128
759
1010
673
1739
1189
591
1
1099
1785
1965
1475
1024
1079
543
1800
512
872
1121
641
224
1931
204
1572
1145
1148
269
1971
893
1485
1168
837
1360
1838
1914
1721
479
892
940
55
1379
1345
1181
336
1622
1718
1845
1057
1403
1485
548
1186
254
592
438
238
358
994
634
49
1446
375
729
1170
1963
866
1548
1829
1809
1046
887
395
257
62
1181
989
500
1933
1263
1839
1832
1465
716
872
1625
486
1026
1040
623
1869
727
1743
542
855
1819
1898
1699
701
789
873
696
1519
1933
151
1548
229
317
209
974
1411
225
142
1382
413
1537
643
1747
1868
933
1495
1470
140
827
213
643
1573
1357
269
57
638
1677
1157
419
905
911
1439
1841
844
1774
444
1184
557
1107
359
269
1539
1450
497
234
1883
211
709
1067
1229
937
1219
1354
392
485
1296
1869
1713
368
1782
825
703
188
878
1643
1797
289
1630
1763
1577
859
971
1127
785
1571
1446
841
1921
376
495
1322
1829
256
502
1561
165
1029
1777
1045
416
1681
339
1069
187
1291
840
856
1223
1983
719
501
243
1541
1137
1907
254
683
1007
521
1402
1460
1659
818
1698
349
395
1432
1137
71
1077
928
1540
719
1901
823
32
1568
1383
41
288
1197
1415
1485
1177
1388
1969
1427
741
563
975
1552
67
1883
1690
29
1463
458
457
263
236
1010
1208
1249
293
1107
181
812
1550
1530
1209
1621
1601
1551
464
955
1969
159
1130
35
522
1919
1670
969
936
1907
1629
1060
1776
1852
1093
1521
956
916
311
188
1721
657
146
96
315
1793
1094
1185
806
410
1269
1876
729
1309
462
592
988
1024
1011
1127
1911
65
296
1433
1093
928
933
959
1042
1866
1404
152
1614
942
651
1043
1184
1643
257
1409
165
1124
117
120
115
1673
296
699
1680
290
1869
1558
386
1309
808
1081
1405
553
363
50
1516
148
59
857
41
238
1370
515
1555
25
538
960
563
147
937
1957
1863
37
1502
791
1151
1738
1257
121
1113
1552
1689
839
1562
821
902
1566
698
1714
1671
1824
427
1003
17
43
577
877
134
1438
1041
464
1557
150
963
875
745
1528
977
909
1486
1344
1872
1296
999
1759
1021
1525
1215
373
1998
1691
997
1109
373
348
789
1604
227
1394
324
719
911
1311
164
1742
228
642
1577
173
641
721
411
1328
1441
1032
1393
859
1558
906
306
1528
169
1977
1629
957
805
1486
1405
1529
1393
1541
275
1159
636
1248
431
1600
1406
181
1347
1785
1398
1793
1505
1349
1852
88
1736
865
1198
1693
1069
1120
204
528
312
884
845
1853
1729
931
656
1739
1645
699
635
544
700
830
940
1318
1921
497
1782
1740
1139
761
1931
728
1275
744
551
433
962
787
823
326
381
1214
477
567
1737
588
1368
1345
797
753
1232
459
1141
187
1941
1220
1880
1318
1000
1275
1205
297
780
968
1961
1866
488
749
1078
1217
1452
901
61
316
298
197
411
1859
1874
1107
1212
640
1835
315
737
187
1055
191
1586
115
359
1229
1769
132
179
1336
132
415
845
1349
151
612
529
1587
1768
245
1166
1892
1294
632
1206
386
1633
977
1804
1660
1393
585
647
1271
1685
1538
1010
629
1513
1037
1381
288
643
1512
1746
1717
466
578
1083
1089
1000
1359
398
1939
197
1445
287
1808
1184
511
905
115
1819
1001
715
1264
1283
1384
968
1556
681
749
1766
434
1157
403
982
454
553
374
1254
1251
1203
488
224
453
960
974
25
123
345
621
687
1794
1157
226
1745
1535
1492
1937
1001
357
117
1873
1765
1367
317
601
662
1113
1190
1847
925
954
447
713
133
263
1549
1260
755
1278
511
189
1334
222
767
639
1222
565
245
1503
1915
1213
795
1193
290
870
1385
650
1759
1058
129
930
1696
1051
524
979
1297
1753
1314
184
1312
1241
1592
1717
1145
1955
146
434
1519
14
906
915
1262
916
707
171
1045
1905
863
1183
592
6
375
38
354
746
503
232
277
763
1825
1727
8
1874
853
421
1165
1793
571
807
182
608
1634
1987
1029
1352
327
547
1737
1177
1603
1088
1226
1088
1429
38
1748
1148
16
65
1088
1781
1327
293
1629
687
1189
627
1109
1438
252
1138
1406
1467
1539
1014
354
188
1709
1126
1017
1755
1818
1729
1533
1624
1657
1823
623
862
121
505
377
1477
1082
1461
380
1089
164
785
489
356
178
1670
25
874
548
1489
1888
1177
1241
1873
1754
71
1519
747
1449
1320
1478
1629
1798
1431
232
1007
1518
1025
1928
563
179
1335
216
852
1697
824
956
1487
1777
171
533
1607
1392
983
1494
1477
500
1013
278
143
1519
1398
271
885
1392
299
1637
1493
1230
1550
1671
326
263
534
1770
1840
299
926
737
1680
215
1725
745
568
95
1647
1587
1897
1277
1579
1829
1211
354
298
1515
791
462
1094
1898
1467
914
1046
1739
1080
1699
1726
1415
1451
1580
1685
1109
1950
1197
503
621
137
156
935
614
269
952
1437
592
1199
1585
86
713
1219
439
1611
1196
1154
1251
273
1637
630
916
1827
260
746
816
1264
368
484
1968
695
962
203
1601
1651
739
699
187
1334
1213
860
668
98
1145
602
1341
1485
1372
1360
509
1871
223
1066
23
635
1953
716
224
1110
1481
1296
1602
1430
1164
1000
217
297
367
743
512
1072
1034
381
576
113
997
843
1430
1085
1692
394
1893
837
1372
1996
1001
446
1915
777
938
348
1538
1542
295
1103
796
1324
988
580
881
122
1181
314
1880
605
462
1322
730
432
303
976
1160
672
1387
1079
601
539
849
1912
483
396
1334
395
867
616
1566
1744
1569
1786
534
23
223
224
1359
1272
191
577
1028
1568
880
498
1821
37
885
1517
449
379
868
73
434
956
1792
1995
1163
1413
776
505
1100
632
1495
89
98
1522
370
7
1422
1538
1116
9
848
1847
1882
1529
989
457
354
261
1137
564
962
56
740
1445
1346
1126
671
700
971
547
1553
1954
1214
557
378
1607
30
1800
1608
671
507
1909
1799
908
1698
1450
1709
379
1831
456
855
1002
268
248
1847
1810
685
1483
538
836
49
844
321
1690
1499
65
754
1110
629
1708
1330
39
1448
1709
111
1241
1619
632
1804
920
1156
40
1342
649
865
765
1561
751
95
1688
783
357
1966
525
1615
83
1270
1178
617
1939
1269
1658
1637
309
1361
13
1034
770
1557
450
1582
757
1465
332
1087
1270
553
1790
726
1927
855
414
717
1173
1676
1455
1146
81
683
1481
278
1944
65
639
1048
281
1907
459
757
945
697
446
241
1910
1329
1661
615
492
382
260
1776
755
805
1375
430
1314
422
1420
982
699
217
1399
313
1259
221
1589
1594
594
1513
1288
753
499
1163
723
840
496
1799
991
1632
232
1272
453
1041
410
962
902
734
269
1510
738
1517
99
1760
83
1345
571
999
0
1433
1447
999
569
1486
1941
1028
1951
57
1273
586
1361
172
297
988
205
1151
572
249
1130
1205
1063
1401
262
394
392
1315
487
1303
1804
1819
1603
469
404
1177
333
102
230
1195
1655
729
1683
156
1936
397
473
1733
647
1901
1175
1630
752
557
51
620
1666
1034
1059
1273
531
1025
1420
1651
1179
1593
1798
1987
99
213
1214
767
515
1958
1063
963
1111
1981
1100
149
891
336
1286
1244
1089
1602
436
719
868
111
1131
1179
448
1836
1673
1126
818
533
1537
1631
1094
1831
1201
917
767
1185
69
1113
700
398
640
1685
1147
1897
95
165
367
1982
1239
1778
165
410
1742
1373
1316
1285
229
991
492
1513
1468
648
1472
1117
339
219
1753
645
354
1447
685
270
629
1769
1264
107
584
1885
276
641
1993
426
991
1833
115
1290
1068
582
1183
1923
1929
1291
345
1763
1001
1305
1979
1328
1289
613
205
1064
1483
467
955
968
894
1927
1837
1201
1253
1857
447
434
539
55
1728
1087
1129
402
275
985
1732
1642
577
1652
463
265
765
1998
364
841
1645
716
502
552
947
792
1157
151
345
1370
294
1167
1942
1956
1518
95
1457
1844
190
1588
1718
209
305
360
1435
665
1122
958
1685
1679
1067
959
1750
800
1520
1109
130
849
1256
44
1943
1057
371
487
720
1117
1507
1068
572
923
1838
1945
1819
1253
1682
1607
1595
1409
1976
1720
1725
1545
172
1662
1335
569
1269
185
492
1980
1888
1969
626
1388
713
524
631
1505
733
241
329
1427
88
1760
68
328
1216
466
8
1851
560
1524
1642
875
669
409
1426
623
1207
173
1037
1639
377
1695
578
434
397
1425
1097
21
1601
347
1987
1715
1071
1877
810
1802
644
1778
983
82
309
1334
1622
1342
768
1496
665
1529
1177
1472
5
1350
1407
741
144
1357
260
209
1649
1172
551
396
1396
524
1019
661
277
1268
29
848
633
1019
624
884
624
356
242
911
842
93
1905
1441
536
1527
1344
989
1966
94
480
783
1217
863
197
1049
1163
650
665
828
1005
1408
1987
954
1739
1394
1970
661
572
1813
1209
1849
138
1168
1723
184
1325
1619
1862
1916
902
1222
785
1962
977
1209
1056
1916
1729
1879
412
375
1889
1209
324
870
1353
198
1661
317
1247
963
765
269
12
1052
392
1594
991
1346
884
738
1618
847
1062
1993
224
556
1299
1809
1474
531
377
116
521
983
1263
904
1769
1053
1676
796
37
568
115
448
791
124
317
1987
533
86
289
1363
1251
102
1019
1901
1399
529
985
716
363
977
257
1347
732
1616
1298
129
224
1890
360
1453
1226
637
1569
467
1868
9
839
1352
1853
694
1269
548
585
1838
1901
311
1145
1375
398
1106
1661
1474
782
1951
86
110
1850
1715
490
250
1869
240
230
585
1612
1464
1821
72
291
1825
1923
1199
737
792
1342
677
823
1156
192
1537
82
1241
142
1262
1198
567
81
1252
1714
1360
473
1442
842
976
1124
1156
1147
780
1186
62
1374
45
34
145
990
624
151
1745
884
1378
649
1789
5
1329
252
1109
753
1863
473
1409
451
1252
1305
920
1316
473
1251
1628
727
380
176
757
1459
387
1946
938
1159
248
430
1580
107
1447
1493
437
1583
1531
1378
468
1353
921
684
328
318
1973
773
358
1435
638
1316
263
1318
1765
886
417
1481
1105
990
890
1501
1276
1767
2
218
275
1873
788
641
1961
333
1216
965
1504
1807
1812
1790
1161
347
1170
1795
1427
874
556
212
665
879
569
1941
1215
1357
167
425
1248
1498
1491
427
900
1029
1355
709
941
51
1688
1784
134
1944
1112
808
1335
691
1497
1497
1771
1368
812
123
77
32
1069
1668
1203
1781
1126
1855
1490
1351
1893
1308
1202
833
410
17
1498
901
646
902
1621
926
855
1049
447
479
1832
299
885
1766
306
497
691
732
344
489
1498
881
390
1881
1572
360
200
1247
1085
1107
1807
975
77
1401
1483
474
1837
1949
1678
1833
699
537
324
479
591
1895
683
1155
691
986
1793
1691
411
368
195
1491
521
1683
629
1269
428
781
1677
1838
1098
1077
141
849
818
232
1248
1048
428
869
1344
1902
129
1658
1777
1473
1162
1384
1422
496
999
143
1023
1987
375
1676
997
1365
936
184
1374
1332
292
1647
565
1913
590
1772
1151
1349
945
320
1760
739
1439
1947
653
1178
164
1843
767
1632
526
1705
933
248
268
442
1573
645
378
1917
212
1422
1142
294
813
1679
1327
632
1637
326
1480
1310
822
59
1403
1706
1436
167
545
1225
1354
158
1978
618
1262
532
1171
1401
1797
467
1259
1813
1525
1962
1066
1972
341
983
152
1216
1017
1602
847
1588
1834
1758
291
182
1844
644
46
1110
952
1280
1725
1569
1232
917
1130
336
345
1774
1294
297
1695
426
1155
1286
1341
390
130
7
755
606
576
173
1636
507
137
1987
821
1436
168
302
1892
129
241
1518
78
160
1530
624
150
1576
48
94
747
527
1980
617
28
1553
664
245
593
845
1948
1756
1612
100
1021
1370
1877
1097
1842
525
1142
409
1088
1169
629
1312
771
268
280
1816
1616
1829
1199
1605
1294
1800
1384
366
449
461
1232
1639
319
1690
740
1896
533
891
535
1690
1753
665
733
1710
1273
516
1671
681
1524
1360
603
1313
1298
1855
801
669
1217
1158
1755
1018
1502
670
1478
1892
1532
1592
854
569
557
1502
1380
1579
1579
1570
555
1494
1699
939
587
570
1020
896
1901
232
355
1231
1426
1837
1840
1689
37
454
673
1945
1141
1428
97
609
731
1455
672
209
470
414
943
542
1801
1781
949
459
1295
304
677
1936
233
1689
781
773
364
1455
771
1205
242
180
178
1673
510
413
1743
665
1027
340
1821
1865
1655
1645
138
1720
1008
459
363
1493
876
583
1406
1143
893
787
1873
997
1036
71
1135
353
1545
1327
928
875
1479
1821
704
1189
496
1313
137
1385
416
721
572
112
1538
1135
1026
892
1805
1097
439
908
665
1320
299
1361
1658
1717
740
941
977
1881
1611
1145
1388
705
616
1839
941
1882
1805
639
146
43
627
1541
715
1731
876
1474
755
728
1605
343
817
548
394
73
0
1942
926
1994
1286
1472
1869
237
333
755
237
1928
808
1784
1960
467
881
49
1137
508
1131
322
777
1348
67
1494
519
1333
152
1838
1157
80
1311
1616
1471
728
280
648
1869
397
233
1125
786
684
1772
1731
476
962
542
1921
1394
300
133
1889
1835
995
101
54
1211
457
1319
888
389
1272
729
1992
1014
866
345
1732
1685
932
1450
807
284
776
440
1748
968
578
1970
1708
1258
1457
943
309
266
107
1923
66
228
971
431
200
1940
940
926
53
134
8
1577
718
28
1274
397
1458
6
1407
493
861
784
1453
588
1812
97
843
517
985
1264
1308
1701
1761
1775
349
263
781
1838
1587
1563
1308
1651
1299
80
1195
1341
1793
769
673
1058
1361
1786
447
1846
817
1453
1441
1064
613
139
678
1685
618
1378
583
1076
188
10
1887
1441
649
155
537
555
1016
1725
1675
1765
641
100
1935
891
916
956
263
953
1347
917
969
1103
1207
347
1773
50
86
1397
818
1861
160
1280
594
836
670
1674
1452
204
403
1240
735
944
1502
1145
446
1259
311
1445
1953
57
298
359
155
625
73
83
1557
141
1386
1478
1349
1204
784
20
1954
1415
1357
657
1721
1557
496
1329
50
1556
256
1574
1995
738
1075
1781
380
1885
1897
242
1829
724
223
578
932
1237
827
125
789
781
1556
1702
1242
154
1961
103
471
1514
284
842
1307
1247
1176
1857
1029
793
98
85
1348
991
1491
368
1816
909
487
561
1305
1281
1737
1101
1923
461
1897
633
1631
734
1619
205
1521
1214
383
187
699
1444
820
388
1131
776
197
1706
1339
1289
1493
905
242
249
835
218
1258
863
542
1375
778
817
79
557
695
1070
253
1954
4
528
617
944
80
677
255
23
1217
633
963
390
920
359
1806
842
1431
1649
919
122
447
691
970
416
200
808
493
1108
1889
12
766
803
1189
1862
758
1124
1934
121
44
401
1502
1625
1737
1694
1213
1766
196
528
110
927
780
572
528
1914
15
1650
1369
1112
836
289
470
754
519
898
1608
1224
415
1745
50
1805
1391
1424
1958
346
78
1089
1526
348
980
1477
1388
787
1001
348
132
824
965
1585
422
1528
743
1826
1145
91
509
1913
738
1664
210
606
664
955
1519
1151
1869
1785
1773
209
351
1520
857
1849
1743
1880
581
489
1739
1661
2
117
1801
1196
523
1795
257
1350
1862
672
398
524
300
589
1477
1344
1729
867
238
566
1293
264
138
27
803
624
199
962
1706
515
1257
1476
1381
1957
866
1580
839
208
1529
853
888
1081
1227
1218
353
1497
1299
1643
602
1899
937
411
121
774
1386
1251
128
519
1331
416
313
1685
1463
405
1210
797
1554
545
1909
1269
1244
560
1651
1195
1685
1579
1815
117
1673
769
485
1359
1073
980
266
338
1353
827
308
88
1200
845
1067
1529
1792
1801
648
419
1653
318
662
814
1701
682
1046
1814
278
1456
1742
1869
1444
668
1833
419
106
1547
1913
1008
1074
1605
287
206
1274
1458
1942
1866
1398
1871
89
846
1442
1205
325
1552
893
648
1445
103
399
991
978
85
710
1115
1523
1267
1107
143
1127
1485
1190
1090
173
1608
1340
1511
672
1578
637
1776
1934
1841
133
267
1382
1738
565
297
713
352
1809
352
915
1606
1597
173
1259
1328
692
616
1150
1173
1186
914
1621
1237
620
185
1054
1538
30
108
1957
1523
172
1811
804
1349
71
669
243
1475
1386
1889
1135
349
1343
1575
110
1094
638
1879
1669
1613
527
266
74
1386
1730
1300
580
1499
1197
1379
912
192
1934
1873
395
869
953
847
983
1360
998
1619
1538
775
85
1506
1506
1148
1387
1072
703
877
1703
208
312
679
1855
1227
417
1373
45
1345
391
1533
651
1541
1242
445
18
1937
935
1471
1580
1268
1785
1954
1882
1567
1724
1467
1044
1773
948
149
163
1455
1061
635
115
664
35
1169
1627
916
15
1675
1809
321
292
1376
1010
1816
1132
1229
643
693
1753
484
1871
1343
1100
453
636
1123
1129
521
28
1423
995
1591
1784
786
1715
1565
820
1588
1469
1016
1538
860
1256
1088
157
1662
1630
533
1806
606
1516
354
1695
1627
524
755
1587
86
1088
1421
969
595
1828
130
416
353
284
1271
1382
409
1295
1008
1280
133
1948
1224
1075
300
1390
1969
873
1654
1542
765
126
1619
893
351
438
984
1740
729
1744
1646
1251
473
1950
1769
74
1103
1704
1482
1785
1600
1321
954
315
1092
1707
462
982
1901
744
1782
1285
1075
211
567
787
419
1532
530
1587
1478
755
203
376
29
302
1646
83
485
1493
1337
595
1109
351
755
1833
69
583
412
116
1088
1485
1098
740
1988
1440
1359
1395
1191
249
1939
1287
479
101
295
600
1756
1883
938
235
339
1446
557
1079
371
1169
915
701
141
312
438
1816
1489
853
1653
1934
732
475
780
184
1085
23
1381
1604
793
796
1424
1184
1345
767
797
1686
1425
1730
1513
820
478
1941
1684
367
991
1527
1885
1298
1951
943
1440
1388
294
542
335
1909
147
210
249
1133
1425
1672
1715
80
956
647
1392
1129
1240
1781
1355
1556
1520
529
825
578
1490
380
307
1567
735
1166
726
916
379
1861
398
61
1749
683
1425
1626
672
1161
1478
197
1807
1976
500
1226
1337
786
1187
719
1666
483
831
1963
348
1813
709
1399
933
1124
459
846
1973
258
1907
350
1073
27
1284
1172
624
1721
1151
168
965
759
108
823
786
1368
1260
1513
67
682
1468
1797
1761
1760
400
444
1703
462
130
1988
373
1724
76
1416
323
169
1195
964
1826
1846
634
756
1254
1251
1762
1749
265
1669
1877
1771
1313
1242
1465
657
860
1084
59
1068
1767
1824
1326
386
1877
71
874
1677
1340
748
295
184
1933
1389
1434
1364
145
697
1886
753
246
144
615
865
120
1298
1760
805
230
336
398
1156
1775
1684
83
1925
1907
1334
857
1813
1976
867
566
964
197
1542
1067
1088
852
1600
1682
739
407
1874
1790
1589
826
986
1421
1220
1041
313
44
298
1998
1152
175
1526
61
84
324
1481
390
735
696
19
1067
85
262
272
744
761
168
185
1455
1250
1679
580
1185
442
800
1739
1649
64
736
725
1115
872
1325
1480
1655
1901
621
661
550
245
173
618
986
64
1922
1861
275
222
948
1155
1058
1650
1324
866
633
963
346
1643
425
1296
439
1958
440
405
818
321
321
1788
1605
510
1901
1561
711
555
1597
63
1657
1477
1455
1328
137
576
1049
716
11
317
784
602
1504
812
217
344
917
1672
973
754
1814
1484
1401
1178
1360
667
206
1597
1423
495
132
649
1461
871
1708
535
815
1177
589
1325
1079
1821
992
421
323
925
1231
1615
1649
293
821
1711
1588
70
715
38
1733
761
1400
928
1255
1666
1373
1832
1685
1888
1685
1797
1124
1088
729
921
1797
964
1409
945
947
1928
628
1217
1456
681
139
530
279
1653
1941
55
1696
1605
107
125
1777
197
877
1253
452
1694
1861
464
229
1933
205
838
1248
15
629
85
1803
62
243
288
809
1296
1206
179
1259
1444
1449
33
313
1105
17
1599
1193
1566
1160
333
406
351
581
1201
1222
1241
235
865
1353
970
1543
773
965
176
1945
1313
1589
1312
1574
941
425
1865
682
1948
1733
608
314
2
1475
1514
1902
1574
1574
1877
1373
1028
797
645
1078
1156
1780
169
959
1520
1836
582
1467
1737
641
936
309
475
197
119
1714
1062
298
936
738
1121
1678
129
1760
353
403
755
1669
822
871
501
1803
169
1280
211
1153
234
1173
1619
566
241
771
795
740
874
517
1477
1459
559
433
1365
1940
1532
1313
169
1442
626
328
1136
1110
1977
1
1027
439
1231
229
1679
900
339
1660
681
568
1841
1905
1953
1122
712
161
1519
1384
1152
607
1613
1284
1649
1280
402
1364
1775
1967
1584
1166
1255
391
1069
296
680
32
1829
1417
1846
507
1244
524
771
805
1439
1756
1173
615
253
1781
1044
1039
1656
205
1225
1404
1701
649
83
17
1577
425
1799
71
936
608
1889
1040
409
1698
1340
1647
1895
810
259
1066
123
1217
1784
169
812
792
1680
1560
976
548
253
1475
383
261
1248
1173
1829
1372
1364
56
535
664
1786
1574
1070
1232
1658
1098
1385
1514
1837
1970
1990
1798
1138
458
930
1157
1429
725
1564
315
1072
823
1312
1722
681
899
1832
1838
1116
67
461
302
70
1469
514
1942
467
1969
512
729
1185
1073
947
245
1164
1942
516
819
616
1060
699
465
697
1433
686
524
1513
931
1991
1595
848
1900
1181
748
465
970
459
835
1183
514
746
1046
1432
1138
1109
1244
1013
950
650
411
1458
583
809
1754
1754
271
412
1437
1252
1635
1281
1216
1645
1707
834
305
1614
189
1873
939
1365
816
1953
1901
1529
1325
1977
1852
1606
1219
1572
284
1770
140
1610
1482
1115
1583
900
489
1943
359
910
1319
1803
1827
654
860
535
723
422
1743
1651
1968
12
76
540
1556
484
146
1989
945
1021
789
1480
116
1450
996
1713
833
1413
411
107
1264
301
1285
1842
1772
1089
1371
1703
736
843
1505
1208
618
1507
625
1460
732
1840
591
1687
1444
772
1300
629
1661
424
187
582
343
1618
397
1936
420
349
842
10
1544
386
1625
703
1415
1162
1813
977
1973
144
1450
1977
1287
1097
1156
583
1653
621
981
924
47
292
205
596
510
1843
1235
392
1154
1786
1968
829
1981
205
1142
1466
501
1677
617
128
1246
1751
1911
1768
1406
1741
1115
335
658
892
659
771
252
1376
1685
1934
1135
586
1341
858
46
1532
1953
1925
1730
647
1017
605
1085
1706
864
1838
290
332
1609
1603
1844
731
1917
935
918
1199
235
1591
434
904
842
1049
1610
54
1035
704
1454
1133
1291
1768
340
1642
694
389
336
1691
991
247
71
1021
1859
83
581
601
1499
1352
55
1715
1246
1752
97
1
1648
753
957
1351
1170
88
135
260
945
1603
701
555
853
768
525
1015
1038
1188
854
939
440
1615
1888
1404
302
119
394
931
1925
872
201
739
949
73
767
1560
1194
1538
1272
932
619
572
1847
559
610
1197
1019
1898
1110
1956
1371
777
163
576
291
755
169
1383
393
484
128
1781
1617
1403
247
1773
1232
447
293
758
1277
930
1442
468
1733
863
1445
392
1893
1979
1346
400
1267
637
1175
1298
1034
1797
37
568
11
1460
1876
1097
1286
798
633
1993
1703
869
1621
618
1511
1448
298
1726
1967
728
100
1251
412
644
1267
220
244
323
1495
1879
1203
814
1887
748
61
512
580
265
912
1219
655
758
474
1812
1910
176
89
1211
377
919
542
1930
221
1531
1814
1592
969
1720
176
169
291
1142
1112
974
1232
929
1670
965
119
1738
1300
333
1073
1513
632
1973
989
1533
1469
484
984
1594
98
1706
1534
553
67
1212
1893
1307
635
1782
1001
1006
427
497
1567
1787
902
1541
233
402
144
961
615
1465
511
459
258
1026
1189
341
1229
291
1037
164
414
1091
1167
1327
1356
29
1432
516
591
109
1104
750
1914
653
1475
120
1238
1019
1232
1561
894
1583
1454
1220
505
1379
1076
996
1476
690
76
1129
1720
13
285
262
1061
1091
1401
26
1525
1639
88
1092
649
233
731
692
12
1130
137
1436
1686
274
1892
682
1654
1706
1500
1140
1701
1148
1955
601
145
1626
738
551
218
1769
1981
1654
218
1326
219
596
1287
810
1581
50
613
501
1439
309
773
1470
1705
1961
434
702
1864
1017
1567
619
1943
1447
968
1560
1615
432
91
1985
1033
1825
481
1295
1328
381
1088
597
779
1721
1404
131
547
501
1086
1532
1473
868
19
1199
196
1485
1512
831
907
1013
380
1139
1280
629
1768
804
1228
1917
20
1206
965
1031
255
771
307
963
1784
588
1413
1429
1434
886
1795
1717
385
1751
1687
1119
717
339
1601
1309
760
41
1721
656
1645
1856
973
1510
503
131
1323
1649
1346
1866
905
786
703
815
623
1691
1351
881
1166
49
859
1973
119
1165
53
590
355
1561
55
1648
1175
684
1230
424
449
1343
1460
423
1221
1795
213
1374
706
413
506
85
392
107
69
341
1896
225
96
606
469
350
1167
929
638
753
1384
352
1871
287
1737
975
1657
559
1483
1102
1553
1312
411
1376
1133
1069
164
1409
237
1586
1936
1736
1600
999
1571
1518
1603
182
448
1480
1591
1239
567
377
1549
1077
529
871
1540
1671
800
291
424
1463
344
1327
1278
157
183
1417
281
73
1393
1756
1097
1487
1961
1346
1893
579
778
1003
1470
1000
1253
1783
1589
1869
1967
1615
833
406
703
1318
1685
1216
556
313
1294
1125
383
1769
986
609
1918
1105
989
1859
1001
1015
1725
478
1548
719
650
1042
1554
1220
1913
638
1402
643
1222
1385
162
1663
633
22
812
1464
32
1529
724
132
1331
849
1513
933
699
1772
1421
1961
1896
1946
1152
1078
1015
1675
727
853
670
1178
386
671
1659
930
1782
1017
1368
94
1871
943
357
1706
899
1111
1061
1244
1637
982
246
359
435
129
1713
950
853
739
358
1175
234
1364
929
703
1629
910
1216
498
1280
1093
1412
1954
1460
886
218
1945
2
795
121
1179
1328
1985
1655
446
951
123
1786
1898
1523
442
374
1915
1153
993
1715
1371
659
1402
133
161
1163
504
1456
85
246
676
1649
1093
1466
1738
1232
1652
1422
144
1737
207
1256
1409
619
985
1181
839
750
675
562
1465
1449
1400
464
639
90
225
1363
728
600
745
1305
924
42
85
1443
1953
1764
694
1494
764
421
1197
727
336
1903
49
475
1708
1307
924
1993
1600
119
261
1540
262
1912
1092
193
647
896
74
926
1894
1019
1190
1594
177
997
1020
1999
116
1361
533
1428
1125
488
1120
642
108
1876
758
619
839
727
376
790
1937
983
105
525
1048
1287
6
464
1110
335
543
665
84
1494
867
1879
1696
645
1152
479
960
1299
79
1416
1732
1349
333
224
1048
21
1888
887
917
1813
449
741
1605
1735
860
331
1402
1879
28
1742
1681
1070
862
54
925
702
556
1780
1977
1013
1774
1060
398
1508
928
1712
550
1235
992
1335
89
1663
1839
1920
1427
1499
1919
1862
1589
1541
871
719
1065
1725
1260
641
506
1012
953
1833
1263
1389
1838
925
1877
1434
575
1795
776
1977
769
484
542
1407
1603
223
720
362
1759
511
1149
1137
408
68
983
1732
603
1969
1698
1965
1504
1221
1345
1875
268
446
1996
816
408
353
154
67
1595
604
714
453
828
1923
1369
1630
1169
634
630
217
437
1127
1225
107
1504
1912
1605
163
901
1701
648
723
516
1740
108
238
1009
1489
568
398
1569
701
1135
1781
1029
549
734
711
1179
59
1726
861
1909
495
1267
711
1845
829
1344
1792
42
1745
365
85
34
1753
1093
1390
1465
1528
542
1751
811
560
713
120
1085
1381
905
605
1292
1750
1192
1048
1480
1439
589
896
1757
109
207
1933
1982
1957
38
469
1540
1577
196
604
740
1361
1082
1677
425
1955
457
299
778
275
1945
1541
1969
1689
1189
1466
753
497
881
953
1239
636
695
1019
1183
185
910
1949
929
449
1361
1667
662
1361
445
1559
1734
990
473
1504
1328
1314
192
738
292
1583
41
1085
488
287
359
967
1744
98
1865
195
1302
1187
332
1739
120
849
173
269
105
388
607
407
1328
1836
1465
957
1920
1486
1646
1105
1684
1352
1690
568
318
1840
1968
899
288
776
310
1021
1259
704
1055
50
1389
1398
1611
1566
1291
367
1022
1843
1155
921
477
653
69
1312
966
1236
665
1286
1837
1941
946
364
1694
1683
1976
1050
953
4
1268
515
271
1162
297
929
240
1780
1602
1523
82
569
248
848
8
1368
1701
1645
1807
797
1237
1705
1559
1303
920
479
1182
349
1922
182
1165
186
1667
1381
1838
676
533
608
651
307
1902
652
1651
1132
464
855
1372
103
1990
755
456
1655
1540
830
792
133
345
1730
281
517
1547
1640
1507
1280
1376
1750
669
1453
1411
1241
913
1103
1440
904
1544
1321
1247
1558
1001
1123
1701
847
1867
83
1406
1965
1048
1748
1308
28
997
135
629
1317
1993
57
149
653
886
1850
1113
1322
149
1703
1298
248
1959
1091
1423
1230
1814
1416
1803
1839
1051
1560
697
1731
701
611
385
1439
110
200
242
1825
852
1631
1836
1328
92
983
1661
1830
980
1940
941
1289
1616
1183
692
1773
1642
1337
174
1952
188
875
369
596
364
1699
1757
166
1811
1977
1888
645
1564
228
128
317
619
1337
1496
730
742
899
916
277
1060
963
1425
1869
1969
1233
378
1048
1460
706
213
1248
1077
409
137
68
1937
904
1029
596
1659
115
1683
692
523
1042
1048
693
488
557
1322
1271
1730
1953
1660
1877
334
1186
1775
1601
333
264
659
75
423
495
1770
1756
138
839
923
928
1981
602
1003
248
719
410
1583
494
385
1873
344
1175
571
87
113
335
117
1011
1292
454
1810
1448
562
1023
1969
873
1651
1933
1955
454
1880
1371
29
1385
537
1337
231
178
349
498
520
1817
1647
1621
391
875
805
875
1385
83
1467
431
1601
243
563
609
1550
949
1151
577
1785
1585
1473
1337
1019
955
179
729
77
549
839
1503
999
1631
487
520
249
1378
449
1221
909
1478
1841
1291
518
838
1459
1387
1604
1977
346
820
233
96
635
1945
537
565
426
1007
765
1613
1625
981
1303
1679
1699
437
1417
74
1547
191
1769
349
1399
1522
1477
151
1571
1206
644
1682
566
1717
1516
1574
234
464
925
1917
500
195
1274
1667
1763
63
1174
167
412
1800
1319
711
1571
2
162
706
919
829
300
636
1256
147
941
789
795
1861
1906
870
1475
744
326
1955
393
1675
1178
309
633
1475
1440
1369
558
1918
1332
230
1670
623
608
333
1987
1199
881
277
1138
849
1056
264
1348
272
1677
1195
1677
1249
1971
535
1561
1689
92
435
544
359
52
371
1607
507
794
240
722
1690
383
1568
1333
613
955
1708
1760
592
206
1825
678
924
560
1806
226
223
1267
535
1589
1397
1637
1683
1746
1770
273
212
1758
1079
1851
196
1676
974
1570
1973
1448
1017
12
839
746
1607
1884
437
953
27
254
1758
169
220
1604
1084
1559
535
1055
229
878
1837
1236
719
1448
1508
1718
1856
1537
161
336
1258
201
1005
464
1626
1488
1475
1194
119
525
36
1150
937
953
803
190
1549
1259
479
549
929
309
1589
1946
453
897
1552
1776
208
1524
837
1928
1912
1053
1750
1916
1767
825
1943
924
1439
1661
782
515
1101
1349
809
1499
1460
161
270
762
85
1139
614
1555
1856
1948
352
923
1296
1520
1616
1536
23
1936
1973
1270
401
1597
150
1147
443
557
755
1889
1436
538
1733
1050
52
1658
922
338
1657
385
529
1576
958
223
1990
825
1197
419
1888
1584
1946
763
1005
552
755
1652
139
929
1370
1654
1344
835
1531
1845
119
593
1310
718
1821
544
95
1427
300
1627
61
1760
410
1138
1620
839
248
350
231
831
1907
1595
1234
1523
1667
403
5
1822
1898
1541
872
1997
563
1895
155
1149
1311
1638
741
1352
730
709
1823
648
1289
599
1333
1362
93
1749
181
175
970
1123
472
217
258
493
996
465
1193
1473
703
431
1214
701
641
1101
1338
1852
1485
965
433
1043
180
1346
377
465
425
152
835
430
831
863
1735
1092
791
1942
607
651
717
1640
511
1001
1134
826
1289
1694
1937
1761
1759
1112
1244
1721
122
483
377
1930
870
1262
1610
64
980
1836
416
1737
359
731
721
1659
440
1336
527
877
1165
637
1534
1114
1912
1790
1813
801
1749
1034
1718
1934
1789
1861
1286
192
1001
767
1240
1300
677
740
1551
1420
1064
1906
675
508
1116
182
1346
1950
396
684
975
1260
1320
208
850
384
1083
1229
1677
1054
1272
1105
601
1896
133
1723
1114
1651
754
1854
1447
30
689
664
1540
1005
1672
803
534
26
358
1615
174
1440
15
1256
97
492
165
900
1700
867
13
1742
1193
1934
1173
1526
1850
1913
22
1675
912
599
1793
1469
1526
1727
1255
1193
1297
1910
1877
1644
1238
336
1078
188
609
463
729
1993
1226
681
218
584
1561
103
1403
864
499
1029
447
97
264
1082
1327
1679
1327
1715
413
820
1224
1377
1657
101
1474
1877
1437
1850
1113
1004
381
1801
1037
1209
1694
1097
701
840
1245
477
1064
1068
289
38
969
1315
217
1341
1176
1710
900
145
220
131
1685
1036
1618
538
1182
6
1048
1180
754
1848
282
1805
1230
534
1553
454
1196
1833
921
1945
692
1983
67
1541
1739
1185
1147
1080
1145
1089
788
1076
583
1322
161
1778
1594
1196
527
704
1816
1660
923
1627
778
787
270
161
763
1914
250
134
1421
728
1915
1701
1175
1667
796
1271
1975
193
47
1847
1368
887
443
1658
626
146
1937
422
1860
1076
951
149
1629
1466
142
956
1612
912
1088
1617
802
298
742
673
1
518
888
1964
1169
162
1007
1125
318
1118
497
678
1296
1729
55
431
815
341
1187
138
929
271
1913
895
42
152
869
1622
181
1331
884
1270
1409
1767
1468
1221
1699
1739
197
723
1457
1229
1867
564
1860
19
239
1653
1055
79
1363
665
405
159
82
1416
1742
624
276
1899
219
1899
273
908
823
1955
587
164
47
407
1454
919
1787
1045
1675
368
1501
1853
1758
263
379
910
167
624
291
1428
1109
1317
1339
1337
1981
943
1367
1387
759
1325
1247
1567
1163
284
685
824
1397
566
615
1460
1343
1861
294
1279
1151
1316
906
1562
1620
399
4
405
514
1824
1775
686
1842
94
659
5
1991
471
1836
1525
839
179
261
1366
1537
767
744
376
820
1386
405
1328
1061
1509
581
1021
795
1549
1178
141
1222
1917
1888
985
69
771
1362
1911
113
804
190
896
1541
652
1071
317
1965
26
201
1739
619
369
1345
1508
1252
1784
1816
1402
1468
1256
1373
378
200
1365
1818
1521
486
57
1363
589
1643
778
1702
935
792
656
1902
1164
260
809
746
209
457
1537
1892
1852
1220
980
410
1843
546
321
1541
734
1966
1227
1892
1297
1578
1970
641
57
307
129
1501
1952
1629
1719
1968
1325
1502
551
697
213
208
235
1909
1456
1696
1127
818
493
473
1459
1228
1445
168
1400
1220
1170
249
451
115
152
1393
726
1576
673
899
85
362
496
142
1282
541
1460
677
349
1818
659
1666
1974
1754
894
278
5
287
306
182
187
1905
220
192
271
1172
1823
1000
824
1737
1105
230
106
859
533
9
332
247
387
1453
1653
1622
1609
1368
306
78
1436
940
821
91
118
1044
825
1382
1557
1333
1613
1992
275
1550
19
1796
160
1065
1031
497
135
425
715
444
372
764
1354
1607
261
30
1011
1895
1199
983
443
791
572
1183
1539
557
2
810
902
818
650
1748
478
1562
1349
1399
1656
1906
130
256
845
1165
702
985
1650
1961
1404
891
286
215
1197
1630
1936
829
314
110
1792
1089
894
638
1542
350
153
293
486
1265
162
1171
1887
940
684
983
998
1187
358
1153
795
1462
1640
383
435
1235
102
678
553
369
541
640
1920
1082
1817
1540
1164
592
747
1285
1322
303
413
1857
1893
613
427
1154
859
1499
1707
795
421
1613
1304
968
1360
125
363
1704
547
1179
1585
1497
1172
991
281
839
40
762
927
1925
1798
1081
1799
414
973
1557
1215
719
1503
1877
1249
993
10
1317
20
596
745
1319
765
423
1343
653
772
774
366
764
1949
1831
695
1197
1390
1030
1134
1598
458
1577
1579
1020
429
581
1010
68
624
47
1796
119
25
455
1598
1601
1063
1037
1838
414
276
1190
10
164
1554
1449
977
1651
1743
1675
812
1415
873
515
549
1631
450
1788
1856
54
1192
889
7
1640
416
1603
1687
1666
1211
1589
1029
34
1533
137
122
209
768
1619
543
1416
136
156
423
1682
1804
772
1685
1014
1613
4
513
337
1699
1326
1095
281
1059
820
1385
873
1753
1321
1557
1090
935
885
1442
1348
836
726
432
1237
503
1073
563
891
525
123
1518
832
917
609
1617
1865
38
142
884
1147
937
265
145
1564
406
277
1622
1537
385
1840
1692
1866
1208
1988
1453
1339
1576
233
1763
1353
925
1829
1952
1870
1149
1443
169
1541
225
1161
32
1968
1384
233
1447
1682
1782
1340
1329
425
1493
902
635
443
409
128
1561
1553
1559
1575
283
1090
742
466
562
409
85
1228
1592
1940
819
1105
1091
1330
89
1859
152
476
1653
98
1657
76
408
279
722
782
381
1131
1820
1248
1467
432
967
597
326
1720
631
1050
1722
49
1143
1347
1642
719
1112
168
1056
1444
1827
738
490
4
1339
1069
1925
921
1253
920
857
680
800
757
419
728
1289
1313
1631
598
1550
390
1898
1694
305
617
813
170
1007
1824
670
1479
628
1775
773
1335
1124
197
1283
1459
1571
86
1741
1545
432
1677
0
1869
1245
494
1649
648
434
717
1897
1901
1550
1024
905
136
1224
1937
938
350
1127
1171
1766
264
911
1447
397
1167
1743
668
613
262
1253
1390
286
1274
1696
48
1895
1538
783
436
257
899
1048
830
1595
584
702
743
815
1611
1307
649
367
389
1024
896
152
1560
1803
1697
1657
1511
1435
158
431
681
142
1013
771
290
1021
350
968
85
1632
1683
565
661
1447
1133
367
1926
1685
1375
1025
1787
1799
734
248
367
270
32
319
1277
848
183
1863
1418
330
1473
1028
1928
1753
81
683
443
1244
1481
908
266
257
1625
1116
1912
963
1035
953
1178
770
998
947
469
1933
388
785
535
557
1336
1902
856
1956
1290
778
1645
1489
1679
1288
1839
368
1897
1948
1048
727
95
892
369
193
841
1536
408
280
1296
1118
333
720
562
929
866
194
1631
1178
314
170
1778
763
1701
621
1844
1000
1890
1386
1845
333
38
725
1867
1510
1595
1765
673
213
191
542
1555
1834
343
231
1413
627
1804
972
241
405
479
1908
805
199
1945
532
1095
77
148
572
1683
404
536
128
981
1042
677
1212
1723
1421
1569
269
1453
1381
654
244
1141
377
1028
1889
925
1383
1628
1782
723
1274
447
1313
744
742
1546
331
1771
1789
900
1307
1318
342
1073
1544
1345
1433
1217
1613
1645
985
1064
89
1748
1335
259
538
1763
1664
1433
733
1586
773
991
674
377
1010
1623
1457
754
1338
1799
1520
82
1170
153
1250
1642
242
677
1737
740
129
1965
563
185
1755
220
722
1525
569
1623
22
974
672
983
1284
1776
1604
1041
17
1021
297
472
1997
158
1178
1936
1378
787
1531
845
1595
1660
1955
794
272
1055
1807
908
1186
455
1478
1510
1210
1012
380
1493
695
96
966
1717
188
361
1260
1623
633
81
815
158
323
117
101
587
973
388
464
1012
1523
875
1731
275
405
416
1823
163
1997
757
321
1570
1142
435
285
1244
825
704
1967
1882
68
972
682
1126
1883
920
1317
1619
1463
93
469
1635
503
206
359
56
757
1957
1991
1062
1658
1184
1657
629
1757
1793
859
1921
1175
691
1001
915
440
493
599
1963
795
141
537
1255
1317
1138
792
1277
20
414
222
1317
117
1326
614
967
1443
600
1823
1065
596
17
953
643
1143
1939
1838
475
1362
1072
219
140
77
1461
497
251
344
93
657
82
635
1974
1945
1569
1615
175
71
517
1915
1165
1561
494
1408
1425
1270
1061
275
1994
660
1825
1345
481
1749
405
193
1902
935
230
1064
212
1200
1832
1460
725
1560
535
33
1127
1850
458
595
218
719
691
1811
1844
620
1723
340
785
421
1403
1313
1432
712
595
1582
1733
397
1936
1187
413
1120
1485
920
698
1729
65
1209
1526
1664
1742
208
1960
965
605
39
584
1127
1310
404
1019
1403
534
573
460
566
306
303
1302
1051
1797
1437
792
1016
669
324
744
857
28
1490
1824
1464
577
1645
1732
1993
281
597
1344
526
350
855
1611
1141
1063
1412
880
78
1222
1209
902
1423
1618
768
618
1369
1220
391
834
1557
812
1476
611
1683
1626
18
635
612
1892
1269
1486
1416
1958
804
1668
75
437
743
909
407
1973
1414
503
1028
580
17
222
960
1626
1695
713
1927
11
669
931
976
1314
143
1080
426
1797
1437
330
536
1928
893
1860
900
854
1567
351
1106
225
1926
911
1166
551
1238
1267
1506
1002
521
243
1636
1676
1165
1095
1589
516
1271
348
1116
133
1603
1755
673
1683
452
646
755
682
1141
1330
1444
443
1161
1174
1857
25
1185
718
53
608
1672
1634
1433
351
1753
424
1028
1349
866
985
1817
1504
64
1491
1785
1165
1514
535
1463
1612
1975
306
210
1211
171
979
1139
972
223
1495
1009
812
20
379
1968
434
807
1391
773
677
508
298
1017
69
1413
809
762
660
1010
8
901
438
1468
1915
194
682
144
1699
1682
1892
453
92
551
1379
1779
265
1234
299
448
414
133
649
1161
291
895
1678
813
11
637
1849
437
1617
1165
604
821
1058
704
1235
599
910
1091
133
537
847
1646
1779
1410
383
418
1332
1476
119
259
219
1739
1819
1385
1634
1993
237
1078
1269
1312
1788
538
596
1012
919
322
1869
1859
796
1016
1421
1153
1622
635
1028
1898
1421
516
1615
1672
83
479
1913
1361
1710
1133
838
1258
1752
584
1113
1727
514
1049
146
712
1833
1185
167
964
1379
1200
26
1653
1902
336
769
918
260
315
276
391
1942
1320
1453
1210
222
1745
1558
1385
10
1397
314
157
149
1313
1865
1728
1651
290
459
1946
812
315
1
40
956
1393
1787
1388
1692
1488
1565
854
494
381
1797
1799
880
596
762
1109
616
437
5
539
983
227
1147
801
358
256
1256
545
1196
389
945
1478
146
1550
1601
1365
1754
769
1324
717
385
1317
1307
1853
1658
535
976
253
1904
1463
1294
1301
692
1868
720
873
1017
1578
1653
1206
566
1435
729
1823
913
731
72
1961
1402
1434
1020
261
624
666
1938
309
222
31
1851
920
737
252
1749
581
1825
216
1319
964
1388
1829
73
921
1429
905
1925
1618
1968
567
1544
38
783
811
1526
1085
986
1661
135
1886
1799
856
1894
1350
693
178
185
1584
1611
865
1740
465
1125
772
409
53
1192
609
1375
1832
668
569
59
211
264
216
886
1297
654
899
1544
929
183
1460
1096
955
930
1614
587
582
125
1679
1865
598
1910
242
608
1871
1172
164
318
1668
1853
1393
226
1478
432
1974
517
1693
247
233
1909
1033
1511
821
801
289
710
1381
361
113
813
1304
1962
665
1277
938
757
1323
205
1079
492
1868
1771
1666
1366
816
1977
1919
1748
800
87
782
25
522
371
783
1147
1336
1849
1403
901
515
1838
807
1946
699
280
1716
1291
1595
1718
1577
278
226
1304
1797
1757
1355
253
1418
1237
1467
1435
1589
1839
699
1289
1697
689
145
1631
274
313
155
907
1239
1125
1297
1364
356
1289
271
149
263
1013
902
956
1039
1965
47
1120
65
248
1507
1828
719
167
1921
80
1865
1928
686
1200
1039
758
949
354
668
574
952
670
805
1291
558
623
373
380
1059
1611
88
1691
83
976
752
192
1839
1329
1755
1973
988
