977
1459
1949
818
468
1046
966
1425
1096
673
15
1001
1998
1296
1486
1415
1433
1439
313
848
346
1812
261
686
534
722
950
1360
874
1715
602
1814
483
1601
620
373
1812
783
159
449
1404
571
1813
1865
1763
192
1580
934
1172
898
427
1307
595
317
541
1402
1294
969
259
629
1464
1979
1728
1000
1080
1730
1286
803
1467
893
1934
1414
1339
1653
1415
205
1745
358
464
656
874
590
960
145
63
121
1305
142
1489
714
815
1406
489
188
1352
736
1501
861
373
1143
698
585
65
1257
1802
42
1262
767
857
1257
1117
60
819
343
774
979
160
980
1019
1235
1707
479
1545
1870
1847
1440
69
477
215
1232
610
1365
413
1023
917
505
422
1867
429
643
395
1311
203
643
1025
233
1517
1307
581
1283
1159
353
1685
1693
139
781
1399
180
644
257
442
1665
1315
1192
1681
1875
1774
1422
224
463
729
864
1265
1251
741
1233
1394
1252
795
1945
169
1927
1343
398
1653
749
812
745
1903
1992
1695
515
1783
1892
362
1523
1119
1060
1469
232
482
1896
844
1583
1592
862
1051
90
433
37
1688
1942
1264
1350
1851
685
664
1781
1709
1368
367
1963
695
122
1543
1085
80
1771
1708
780
1812
1559
112
208
1069
703
785
180
1368
1646
677
49
812
923
400
1700
305
1545
1780
1428
1552
257
1259
851
1941
1161
96
1731
68
1927
205
544
1946
997
1358
68
1295
1138
1705
516
1404
402
104
868
632
26
1612
1456
872
1302
1280
257
1448
110
860
1244
893
1535
158
1298
72
922
1780
488
1212
1993
515
1549
760
1235
1136
836
1453
430
567
1564
1554
1653
1413
531
1723
1142
1604
164
382
695
1583
1301
1347
229
429
1993
116
888
397
600
71
1240
1914
1604
1504
183
403
464
738
938
1798
1832
463
424
1647
1014
39
837
1357
1317
253
1406
548
376
192
1004
1766
1505
485
605
721
248
1634
1647
518
1244
1235
1931
1800
1301
1586
1825
1122
1825
12
1981
213
1650
1321
769
1745
1918
773
1136
718
1599
237
87
299
1967
497
950
99
1089
512
212
689
1028
1367
593
1405
1249
227
1529
27
1646
1093
147
263
1060
78
517
1697
13
1745
1897
1649
217
1049
877
923
1066
337
1358
948
1181
633
1160
1329
1426
363
1640
1664
1371
1526
1129
128
1140
1094
1977
1238
800
277
941
83
252
650
80
736
317
1592
1495
1321
200
948
0
1635
1652
368
462
133
1605
210
860
1628
1917
270
546
142
885
1010
1028
427
1665
1109
773
1612
224
502
1428
410
1872
583
216
1514
1982
1823
245
949
720
1380
515
1248
1743
459
1131
1322
803
1356
547
828
893
1466
1659
1638
13
309
1452
1260
341
1295
792
698
364
1002
1897
422
1302
603
1326
953
235
533
1486
1523
299
666
1034
973
488
1290
1024
325
1049
970
1792
635
937
1189
253
361
1857
1325
1853
940
1956
1831
852
1541
1237
496
1509
1373
1281
1385
1160
478
276
1130
1953
24
993
1275
245
200
1085
938
1672
1652
1373
1824
62
1235
1206
764
634
563
1337
911
1733
12
1539
1746
1460
27
916
1884
1024
152
1093
1925
1838
997
1574
866
1995
1755
1872
821
1304
805
495
1215
691
1486
590
1478
569
1369
160
106
1577
104
1238
563
903
256
1286
904
1227
1611
1408
797
503
144
51
1462
953
655
14
744
1688
722
496
147
168
446
1151
1117
341
433
1806
262
1622
1123
558
220
1726
839
1553
1061
1049
1249
758
1709
1091
838
1982
110
1568
1108
301
200
145
568
1984
319
1200
1059
1805
3
687
1414
1979
475
161
1121
1703
1429
1866
1181
1139
956
896
1006
438
843
944
1665
16
721
1397
595
859
249
968
1913
1625
1389
1611
257
36
1109
809
751
1042
1667
706
830
1627
165
11
21
1730
1311
1292
1586
292
406
195
727
1109
910
378
1708
374
350
184
1924
1313
618
1321
1472
1603
531
1419
1101
504
1049
1714
13
69
1701
1476
1651
1340
635
1425
556
635
104
1500
179
373
757
627
1245
492
147
1129
38
866
1154
1935
649
921
988
659
1091
969
436
632
1498
1954
1064
969
405
1931
920
603
1094
741
854
1356
565
1547
1136
1934
1709
1980
838
1969
707
1999
1198
1112
1717
1472
1147
1288
1337
880
268
1297
1947
933
1977
549
142
35
498
579
283
301
1321
1911
1173
757
623
1918
1658
839
983
606
96
634
1304
69
836
275
83
438
14
396
1472
1110
467
904
26
1157
941
613
1087
530
1291
1596
1659
1781
1496
1285
1729
57
857
953
296
1041
309
212
631
1412
1477
1888
1347
1629
1829
529
1770
817
1863
101
324
540
1721
575
1718
1087
1109
1792
1856
1368
819
1323
615
1836
554
511
662
1679
757
1847
481
1241
1008
399
1143
1649
1369
1649
1685
510
663
495
12
926
1357
746
438
1750
572
1709
783
1661
1353
1474
366
1871
254
784
14
1209
418
1920
80
466
737
1766
1993
1979
138
1252
1400
1468
542
1126
1035
1491
1367
1084
630
1625
1886
1201
190
409
1833
409
1928
1404
121
756
737
1603
133
1063
1478
1755
440
93
1141
1800
207
1376
711
895
1626
553
1009
1067
1882
1182
1917
971
1581
1623
1938
701
651
963
421
599
65
1751
116
1315
765
910
1610
710
1872
1224
981
1121
1643
979
1523
1001
365
1083
1347
1163
628
1380
1256
1557
378
290
1732
356
1879
1712
691
1496
237
1334
1553
1771
1825
1805
604
1023
1419
345
345
1611
177
1889
705
1857
525
93
960
1290
1885
1341
933
1941
228
300
250
1375
1006
1381
656
1966
476
307
1651
1778
321
593
1577
680
517
698
254
521
1005
869
1987
728
822
1760
1741
331
1980
812
304
280
904
73
791
217
1593
1944
1397
1877
405
75
1708
1673
998
1923
1002
79
1701
1687
1980
1822
743
603
1245
783
1809
1735
786
4
545
1490
369
309
821
1687
1189
848
1785
1623
1267
1699
798
759
498
1371
1637
1979
344
1676
1464
640
1856
542
1881
1769
1721
812
904
206
569
1886
746
569
1891
1051
1683
1041
72
519
325
680
1196
124
514
1306
1917
158
1273
34
349
637
1312
1139
1649
151
76
1537
157
1247
689
725
337
1913
947
1350
1410
519
1084
896
179
1909
1500
1699
188
1713
1731
293
354
419
1765
218
695
1617
71
1189
1189
1394
1737
1252
1252
0
931
1773
700
943
1862
251
1979
456
717
262
1781
1162
356
1595
53
1074
1961
965
1946
98
635
1426
1733
1937
1229
1349
1013
1344
107
1086
1393
1617
1728
700
338
1728
1470
437
170
454
1259
929
136
1940
1883
1889
1127
565
977
137
1333
1685
1483
1771
1
1768
1173
1897
754
229
1722
1478
104
173
1738
1368
79
936
1244
1037
855
837
1186
571
989
1083
455
1849
268
382
1144
85
1412
974
1859
1466
758
1341
1934
1165
1309
1805
809
1685
1969
1453
565
1926
1465
841
1838
852
192
1256
1532
1074
1139
717
906
96
811
928
521
527
542
1544
1145
927
340
187
1006
976
646
581
1561
1982
1149
1709
1115
1264
621
1461
1155
856
912
688
631
1360
73
183
1599
712
1455
613
836
1494
317
736
1029
351
1898
1148
1192
1666
1601
13
614
357
526
1920
1954
1703
661
681
556
589
1343
1080
933
965
367
1
1631
1252
1001
1873
1510
1152
1151
1798
1180
1289
28
1261
1520
1508
351
540
880
1737
484
1820
876
1064
1585
1776
1580
192
1696
1372
553
1720
1521
609
827
1855
101
423
1966
1221
483
1757
227
717
636
1536
1478
1970
1933
20
1966
1831
622
424
1544
752
400
443
1203
1189
608
1708
1229
359
1878
537
1929
1753
315
89
1961
157
1719
1627
525
1947
1948
1238
1084
962
690
1073
560
800
1124
1190
1944
881
284
271
1399
1353
997
1070
591
1829
354
533
719
83
948
171
449
607
935
140
473
33
663
85
1242
813
1829
830
149
1744
109
1288
1913
749
959
1642
597
1299
671
297
3
1389
410
1574
286
502
219
1699
789
1264
938
1197
1248
1128
30
1071
1763
416
843
1625
537
1529
133
1792
1899
600
1355
486
567
242
509
1007
456
1645
1761
500
300
935
1699
259
137
470
385
1306
1639
962
1502
857
74
662
511
697
1181
1437
5
568
1862
730
637
1376
1730
1413
956
1664
1244
221
1537
803
331
1373
26
1211
1646
9
1013
1966
1631
1319
247
725
42
771
505
69
1923
1266
1058
1354
173
399
191
536
872
441
160
701
1241
862
1364
220
1253
403
1571
1733
671
840
1849
1368
98
1797
1385
665
899
1861
1227
17
995
779
1267
1512
1976
514
1615
1067
1496
1741
1774
1096
309
761
1033
822
293
1150
1103
95
1100
526
1631
1030
1486
1699
1936
89
605
231
407
784
1274
126
1810
962
730
924
825
1813
1874
63
381
158
1068
885
1519
709
1431
202
1321
224
1925
763
957
603
265
1631
157
1631
1195
1629
29
60
1280
369
85
353
532
133
1748
1870
1249
1929
1682
1232
832
565
1593
524
703
1570
221
1286
230
381
1578
1449
881
1757
1402
528
1318
1915
1294
1429
1881
339
603
605
979
1164
1896
1407
651
1875
1232
1981
622
988
1330
569
1
512
437
1009
900
232
1099
585
1362
634
1465
171
577
1928
1712
24
1918
1936
125
321
1343
1809
575
484
624
127
921
1278
708
48
1934
616
1220
910
298
1529
121
804
1047
1953
140
1346
1775
617
162
256
1427
939
691
1825
1899
317
1585
260
1433
401
1733
1057
143
701
1866
385
1252
1639
1372
1220
175
416
1817
1447
1269
1461
1108
1169
1317
1447
1010
325
174
1530
524
572
838
270
200
1693
703
179
234
1594
1358
1489
1597
1121
1909
620
108
1856
27
141
1798
1680
271
1225
1784
887
1544
1727
1509
1757
1320
1572
1903
515
1028
667
789
1541
49
86
1249
1820
280
1991
172
471
104
1090
1863
1534
68
1121
301
1604
305
1743
897
1278
573
1298
484
247
1794
280
292
1954
1284
1386
1674
1126
159
451
1286
1191
641
1618
380
139
1954
224
845
310
411
323
1426
828
1040
114
782
720
1954
1931
376
368
1691
252
1944
736
106
1397
1397
1143
1028
119
1398
1847
1037
716
113
1334
1651
1841
1329
445
1909
1880
1877
835
425
1183
176
667
1366
1156
1733
718
1348
945
59
181
1449
1585
1499
107
689
461
1461
719
1583
1037
1436
1739
648
67
792
1997
1263
1404
545
1081
1259
1365
260
1353
292
407
1664
1603
1447
1289
947
830
480
524
493
304
1399
119
539
1837
1465
1020
1386
1466
1806
449
1217
753
143
1573
866
1180
521
1208
1691
1129
517
503
1827
1203
957
1040
1690
1257
1616
1883
1063
568
1379
285
1044
1587
1807
1583
257
17
350
1828
893
290
196
852
321
304
644
1237
1523
1136
1989
1901
1941
1945
514
1884
1658
1739
373
1703
416
1812
1088
1118
1215
306
1945
136
698
291
889
630
1637
1155
397
688
98
290
1593
101
325
470
1961
1719
1389
1284
540
41
312
213
129
1910
932
360
581
1577
1047
951
1738
1110
1667
1783
458
1866
374
1973
171
593
116
442
1393
1847
1891
22
1302
129
84
1004
1083
920
1744
1737
137
1673
1559
361
829
110
256
1458
573
841
1699
1643
353
935
1023
1743
1685
1735
1771
614
884
1970
1106
784
1823
1401
1322
590
844
1594
101
90
243
1143
1377
1778
889
1147
184
501
1772
1873
280
862
1549
1252
1774
944
1763
518
465
1202
34
153
980
482
1367
1771
466
1325
1013
1330
37
418
1324
800
1220
1272
792
261
1775
1796
96
1793
61
1112
1121
1293
1291
798
857
673
818
522
160
947
1699
913
1549
964
1897
493
380
287
851
641
797
1423
1934
528
873
205
1325
257
779
679
1365
649
245
281
1981
1897
1866
101
1952
1746
1399
569
1685
751
422
460
1291
1432
1777
1055
940
1781
322
1919
1426
261
1825
206
627
1972
1691
962
1248
454
608
188
1210
925
200
722
89
1989
562
578
1330
1869
518
1545
1559
1349
1024
2
17
1554
1783
982
922
1796
420
1502
1498
738
521
1221
214
371
1294
137
1462
523
1223
1008
1113
568
1565
1754
1364
1588
1165
1664
948
1972
1708
1336
1869
1869
1090
1253
538
514
1321
1109
1705
1873
348
1662
1351
1865
1183
661
630
543
1764
1071
450
1941
920
572
336
1977
1711
473
848
1621
1692
1328
1868
500
571
529
211
397
1841
1858
1067
514
1825
289
1051
1795
105
1641
208
1588
956
493
1811
209
1925
1891
915
1282
661
837
855
1321
117
1185
1976
643
1256
871
1602
1979
568
1883
479
572
342
6
1372
1340
124
547
1363
1915
713
960
260
936
1173
1417
700
788
290
859
1758
993
1089
990
63
1979
403
1315
567
235
1945
1127
1685
972
207
1523
1867
1237
1190
659
1090
372
906
160
1675
721
879
1808
1805
1049
627
1169
1277
290
1775
121
504
1937
1553
663
569
701
891
96
220
190
253
472
295
1415
34
665
896
827
721
369
136
614
211
203
968
1738
227
1936
1888
1659
132
585
1757
845
605
538
857
709
1336
804
939
161
1514
1825
71
1048
1480
132
1239
646
767
1393
1895
441
1154
1805
1451
1403
230
751
64
1849
1879
1057
1234
1713
125
665
838
329
1454
1652
65
1723
1872
669
1433
1109
954
511
1073
1163
325
1681
1676
327
549
1145
1469
878
988
1121
1273
1733
17
178
83
1477
65
1401
1290
1702
1047
1252
580
1368
921
1129
1017
284
381
1794
1257
539
246
1849
1445
133
1519
1124
1772
1739
56
1428
25
1259
531
852
44
1286
1453
218
1173
1416
221
493
1732
692
1454
1656
1095
1995
1316
1481
980
1841
313
1053
86
1300
460
745
606
1110
1293
1660
1910
61
508
1953
1025
1677
263
1077
194
1134
462
808
1420
1592
130
730
639
788
1005
1288
252
1017
1017
358
26
1901
175
151
1955
290
1437
1290
26
493
1180
1475
379
1737
821
502
1253
793
1698
283
1100
52
27
154
711
1344
370
39
1237
595
55
1405
1539
1760
998
1141
785
1685
1819
1760
1940
1250
1275
1129
392
504
1204
54
1213
1119
416
1825
1558
1824
292
1172
1342
264
1874
1842
466
1658
1587
1874
1625
488
1866
1947
806
613
1142
571
1917
1762
1281
301
1078
660
965
1576
368
1412
80
1899
1183
926
1487
1367
234
1974
768
1840
721
1142
801
1464
1927
993
37
643
599
1801
1064
540
1337
1744
1815
816
1581
251
89
1935
1580
1587
1523
1021
1853
766
987
333
1105
886
384
985
309
141
1760
104
93
1483
543
229
877
1657
1288
1139
311
1901
8
1445
1133
641
1774
1812
1187
406
1973
1490
1765
1694
1079
1298
1773
1394
699
1897
595
1867
659
923
1642
1762
1979
647
1358
1244
1498
1477
1318
629
1934
1188
853
65
718
849
595
277
1120
1685
1657
650
401
1534
1794
1340
861
1165
902
305
410
597
1758
1054
1294
591
1661
813
1160
207
1129
920
1468
1648
1739
947
284
1318
1285
1591
1129
1041
642
389
1426
1209
1549
762
255
1234
1131
1451
1212
708
1969
385
1631
278
1120
1030
580
1441
1861
702
707
1327
761
592
1163
615
1464
897
451
64
1073
642
1977
1237
782
1935
1206
1849
1677
1478
1974
1193
1638
1407
521
431
371
573
1522
1097
1634
590
192
1523
756
589
199
669
1599
472
233
1480
621
1062
1021
1274
195
618
1007
1045
1314
805
1389
521
1581
94
206
1134
1975
1515
1024
795
840
1325
1070
1826
824
975
1828
260
1086
640
906
832
49
1920
1922
1807
1425
1833
1759
1032
265
308
1759
1845
345
892
944
164
617
22
422
1273
1988
1553
1009
1545
719
2
1132
1702
1682
1296
466
591
605
1996
29
1396
322
1510
1424
969
870
1429
160
304
476
1157
1699
87
1578
176
278
1386
14
1388
1412
1573
1925
398
1495
1940
143
806
1778
627
1365
1817
987
13
1874
1667
1709
800
802
315
1792
119
1459
196
1081
1131
1270
294
1200
306
1158
1554
1650
422
158
684
1850
1360
149
711
647
1359
1748
656
1889
1061
387
941
421
1994
1053
1089
1941
1647
906
746
944
82
101
1151
720
678
1380
683
1315
1618
685
1637
292
1730
621
750
380
34
1321
1246
469
170
1658
1436
657
1238
1625
959
1391
1172
1482
1240
1655
542
879
997
864
533
1170
1197
1209
1953
1974
1693
897
168
545
611
491
1849
543
437
1048
220
1897
949
180
485
785
1987
126
783
1465
1833
1218
1555
1609
913
609
1235
1306
1445
225
1643
1503
194
1898
1801
792
1833
1973
1416
121
1044
1518
1591
1128
95
323
977
891
219
824
10
1539
421
472
1869
1580
1795
583
453
1785
883
1885
96
1016
507
377
112
215
940
1977
1153
358
1089
1714
1588
863
876
1601
490
1134
1631
1566
1525
1834
107
1621
1800
974
731
1478
1021
1353
1309
1205
1729
628
932
187
1116
410
6
214
1070
1604
1487
770
492
1982
1716
315
1447
1530
1364
1834
631
797
841
1961
1676
1331
753
1123
216
1357
28
336
1163
1160
372
525
1829
1666
890
449
101
1147
159
793
1492
530
1012
1485
175
1016
1864
721
786
897
1100
1518
1172
1173
1247
128
1267
701
1374
135
462
671
677
790
630
835
1524
781
805
1225
1437
485
1336
1160
505
1177
1777
1146
1090
1160
1000
1470
1304
732
844
721
1945
457
1489
857
974
1355
1491
1823
362
1526
651
803
1876
1481
165
1250
330
1418
1492
1596
1449
1034
1539
1164
873
1645
475
913
1351
58
410
1586
1676
1919
240
129
920
866
1929
1480
1552
1208
1289
1175
520
1402
1016
1213
211
91
307
1294
496
197
1928
849
1973
68
1246
1515
1700
1954
1515
546
1271
401
1514
437
144
965
433
185
357
613
376
638
1941
616
1409
1120
1904
113
1121
944
1241
1466
1865
630
456
928
1163
1920
384
1165
1500
215
1745
1484
1598
1866
1620
308
1704
670
1525
1329
512
1322
1123
477
1309
760
1808
214
1796
806
1742
789
128
638
59
794
878
1911
1759
1013
338
543
281
1062
1804
398
397
236
1537
777
795
1051
1591
1661
1257
630
513
632
673
1701
653
60
431
883
202
1079
1682
1190
152
839
1969
1731
1802
331
953
1035
871
1760
1325
164
1361
1921
367
1127
1067
748
65
901
355
1105
1609
12
931
409
759
1267
1246
1710
1193
788
1534
1780
1347
206
1454
825
1751
179
724
560
21
1345
247
1612
1834
485
1684
1575
1747
889
919
1712
1119
1222
1612
246
469
1573
549
17
256
1498
1154
931
513
42
728
202
1806
1772
180
355
475
192
1535
608
1791
398
812
1885
1348
491
1813
1666
1469
1084
1231
1268
1397
1601
127
1472
747
1019
1793
353
1393
1389
1893
195
1246
530
382
1824
1293
1682
1774
1590
369
1142
1916
1910
1553
543
1381
194
950
194
80
131
1192
243
620
902
1477
47
1153
109
812
1369
688
1578
1531
1431
655
1767
875
34
525
765
1401
1739
1843
1333
1713
1863
737
1259
843
265
1782
587
1273
1670
317
1192
658
1624
855
1967
1957
108
1092
81
260
1348
1424
933
464
249
1568
1864
1568
335
434
28
1114
882
968
1731
1229
1856
469
847
30
1175
1323
624
1146
810
1692
787
792
1081
1868
1769
1310
1662
1670
141
21
97
69
1649
1819
804
1588
379
379
302
1019
545
0
284
841
529
1041
1361
1656
1920
233
156
1586
1140
1379
17
1541
218
1612
668
1609
1442
475
1595
1529
1914
1318
238
960
1157
1702
1193
1410
1221
1591
1815
1043
1969
932
1149
1188
1517
353
33
1328
1174
1040
662
203
421
1907
1885
361
643
1461
1799
917
332
896
738
1664
82
656
195
1799
1803
1848
1129
1069
281
117
1555
1653
1953
1277
1511
702
743
1330
1081
1399
1922
1385
1596
891
1667
1583
1756
1891
445
1083
643
306
695
767
607
478
1440
345
689
9
311
306
82
1031
151
1488
1349
897
1969
1697
324
1065
1659
41
170
449
44
640
85
319
1695
469
1018
877
381
1953
657
971
913
227
579
425
1661
899
1122
1472
253
1154
1328
598
794
493
716
1261
675
802
384
963
1415
699
17
1315
940
918
558
1294
1205
1625
812
1505
230
1429
1893
293
788
1047
1447
755
988
1232
935
47
1370
1044
1107
384
1980
163
1665
1946
1914
707
1540
1193
970
519
1709
1464
449
1988
1069
951
60
536
1249
513
1371
451
1816
303
565
112
557
1637
105
497
1547
864
1397
1242
1379
1421
1914
101
118
1919
494
1243
1062
1568
555
727
1331
1222
1061
213
1957
910
166
526
689
406
700
1160
899
1591
26
1325
833
1896
60
1241
822
1186
1677
233
1020
242
9
1590
998
272
746
1435
1381
877
296
108
1804
1553
202
1208
1096
227
152
1642
911
298
1209
1304
353
1433
923
1541
454
1421
233
637
471
675
1605
1580
1377
345
243
1148
128
1465
1392
1592
569
379
541
599
469
1002
312
1058
650
1925
1829
433
430
1819
476
873
1739
1486
801
1724
532
1373
738
423
985
313
1873
301
90
888
858
1027
355
1060
741
1409
1196
717
143
1664
1189
754
1054
853
577
393
1718
21
1505
1025
78
1173
24
47
1239
445
401
1462
405
1805
1089
169
1639
1273
565
1094
1333
1666
1778
104
118
90
203
1594
940
1357
1756
1297
1668
1993
1542
1076
760
1070
672
1561
344
1912
1403
807
1794
215
1193
8
510
1655
1880
524
897
1810
1147
524
1089
288
502
1268
1908
1070
1632
989
501
1349
35
381
390
763
1722
290
1085
1372
681
1622
339
1033
1681
347
1241
1369
1901
1698
1457
902
14
1145
481
1685
273
1487
1560
889
655
1595
1452
1552
1695
886
1271
1555
1097
1006
1069
752
1859
1085
1688
554
218
665
1407
1497
241
761
1625
254
1766
1741
953
1715
1484
1491
443
1295
1114
1524
1357
1031
56
1411
575
83
686
665
1913
122
524
1580
640
261
1305
725
288
981
818
694
1226
1174
1951
1637
964
301
1423
1611
77
122
732
638
164
1185
496
1841
1293
219
932
1190
1002
1113
1029
626
1814
1858
1961
560
691
1554
544
1873
1266
985
1737
277
1318
1930
1208
1003
1858
203
1200
1024
281
1511
626
674
1350
1244
477
637
71
1193
1573
1967
1935
724
1203
1560
264
1280
1910
242
194
142
1132
52
308
942
1837
705
1320
1001
1500
1226
1382
686
1492
348
1676
1222
444
948
889
753
1093
1608
532
241
1603
1584
1460
315
940
1177
850
721
1571
834
917
1433
507
286
1667
59
1847
1971
347
828
1068
1239
1416
1893
763
1056
292
679
1518
73
1094
1857
96
362
953
626
204
950
1526
1175
1205
793
581
333
1060
1973
1917
1784
1641
1385
1506
251
1239
880
1996
781
1268
685
260
612
1771
1436
784
990
1859
1219
35
1224
228
256
608
1836
833
67
498
1775
1066
1452
490
1928
681
1556
1869
471
42
441
1623
345
1929
1038
1177
1053
234
855
627
255
1817
839
1528
227
1882
633
954
1100
700
5
1559
1369
1705
1340
1612
249
110
334
707
1009
384
104
410
758
1379
1134
1207
1721
1864
934
1868
620
1062
198
548
1365
1094
759
405
480
653
1154
1458
647
260
497
1860
1769
344
1622
750
1417
1961
1849
1014
1514
889
1851
783
1533
539
1462
1356
1251
1379
393
36
1691
1771
538
1107
701
73
504
1547
1105
603
636
453
188
377
1621
149
509
1913
173
935
1164
1760
1852
1685
805
1461
45
1507
1271
271
920
847
1707
512
424
1621
1784
1431
812
1011
95
782
1604
1915
1391
1743
839
157
433
1216
1616
1665
1083
1403
1989
1085
885
597
1826
338
698
1188
949
1424
59
299
19
1415
757
1045
1076
1856
540
1410
560
425
708
884
1621
1904
1968
1184
1905
1723
86
1887
1072
905
468
600
1679
1275
665
1586
110
1647
1187
402
863
429
1778
1845
1375
1307
486
1749
1958
160
916
1405
366
305
731
1646
174
1038
645
576
588
1045
1917
1931
466
611
1993
1364
32
16
74
749
1871
1409
762
462
1583
454
332
1823
1085
631
1991
46
1465
208
869
1257
729
1117
1610
843
195
92
186
1113
1222
1758
1557
1089
1896
1549
251
1201
1820
251
1309
489
1045
654
9
283
545
731
1021
50
1108
1091
213
348
1084
67
1176
395
1250
809
1332
336
1812
1943
1212
1952
38
1018
1247
250
1824
220
276
1182
1845
123
1424
1696
120
1154
1743
746
263
963
864
543
1601
767
239
601
193
535
240
1574
1067
557
1649
407
1223
1951
1581
286
830
421
1877
1170
1217
803
1953
633
1264
272
1997
541
1952
215
794
970
189
1094
1409
270
322
1186
1211
1749
1622
1824
929
1112
1720
864
1005
1229
1629
1178
1784
1936
1693
1254
575
1153
12
775
1948
1721
1845
111
1851
299
1875
1849
792
716
1363
654
145
1110
159
1078
636
130
443
122
1858
389
1442
1645
89
1385
1478
1649
540
801
1074
1098
1300
398
1508
1350
665
655
597
1811
1231
1809
1085
1641
1557
813
1968
24
1613
581
759
1047
724
933
920
1435
1706
1951
710
1352
888
265
166
1523
382
527
589
634
796
786
781
466
1776
213
1080
1729
1206
1933
95
1320
549
806
207
1868
325
573
1178
98
83
902
649
955
113
331
1896
1632
20
1871
693
1862
1257
1029
1100
1065
49
704
920
1440
1719
1760
315
1294
862
643
1628
305
1394
960
1335
1907
1640
471
394
139
607
1237
1285
865
1789
1113
1491
1510
1221
111
1165
309
237
856
955
677
285
1576
1517
895
1642
804
502
848
1643
138
1794
881
1276
160
516
925
1070
280
320
244
1864
1268
1530
1526
1727
1454
117
1028
1577
146
943
119
1417
1994
880
851
269
718
322
1791
1913
578
1917
689
577
848
872
765
787
1424
544
725
1974
91
655
313
1053
1109
1455
1285
1157
1081
189
1928
1299
1922
506
1641
314
448
750
1488
1187
287
992
1978
1533
1274
1493
76
223
1422
1518
1053
180
1065
134
1865
821
717
397
318
5
116
728
1228
544
794
1150
1837
1450
644
1551
67
299
1429
1275
251
173
954
1851
1320
482
220
1377
755
1563
1566
734
497
590
713
573
1749
913
1309
1775
1069
653
237
264
993
956
1813
644
216
254
588
133
456
1294
1789
662
1085
985
1241
187
964
1072
291
928
1733
693
924
639
470
703
1001
1954
124
477
644
1647
1907
1129
742
741
1320
1743
699
673
594
1169
533
1598
247
1850
1148
436
989
1029
500
1216
1511
1635
144
1802
512
406
1933
1469
1930
1168
46
1981
614
506
1259
174
746
784
13
1949
1952
1987
1028
165
542
1461
334
373
1950
437
1583
113
1509
83
1557
1904
1758
239
266
1484
989
1115
674
977
1783
266
1780
524
1940
890
811
1320
1536
1050
1706
1476
1845
964
917
1710
866
891
816
641
988
1528
1573
1611
416
1810
1298
683
881
1979
1091
1163
351
1265
1420
1490
1275
1994
811
757
317
1193
1097
952
590
1922
688
709
1202
1829
987
233
1756
1928
817
1361
929
623
1631
577
911
1885
1635
1267
1083
1472
868
353
368
49
25
1302
1497
134
443
856
1124
422
1518
214
1664
491
617
1985
317
1660
1701
1093
1585
1907
1920
579
1288
1344
367
1535
552
108
413
107
458
940
1040
296
1591
507
493
1346
456
149
641
1734
1355
312
1462
272
118
1082
185
1298
888
1101
287
900
176
962
383
953
2
606
628
289
227
142
27
964
335
294
768
677
505
1104
545
513
1577
1427
1595
1154
1218
292
1295
1231
1112
26
323
35
1033
1898
111
418
997
718
1386
972
284
317
1433
146
1403
1091
1423
40
1423
1284
1213
773
1478
534
792
561
1021
775
1212
125
253
1554
1683
847
1322
1354
1777
1817
38
596
286
1969
1721
247
1730
1259
1726
1009
966
1401
956
1423
1509
1621
1841
1874
288
54
857
113
535
1473
191
1482
1305
577
1628
1258
1693
1242
1517
108
535
1265
1873
1299
103
272
1398
1619
1191
1297
1403
580
1749
901
1439
971
1298
1186
916
1809
955
169
826
433
1827
1329
1643
1332
1979
1006
1553
1236
458
1805
1692
457
945
873
525
241
4
60
1520
1169
1487
1244
176
951
1614
314
1532
354
665
309
327
1703
747
1670
1691
541
69
129
235
570
515
1353
33
1640
409
1437
1352
801
1169
1360
1322
1033
835
964
1738
772
1272
1456
1380
1663
810
479
1596
565
1161
947
268
1533
1914
283
244
67
1809
1305
1499
1277
1413
1771
1278
705
385
551
781
1105
419
1509
791
597
1701
677
1037
163
359
21
951
1154
1974
1451
698
878
656
1109
1550
1691
1952
652
1886
1796
1909
632
1341
1523
196
1919
361
723
1398
705
720
850
172
1473
732
1623
1659
514
1676
849
696
1723
701
1520
305
875
669
41
533
705
1024
1568
63
182
189
526
419
843
1634
677
561
1173
1406
1910
1863
1121
1681
270
80
237
665
1465
1449
786
188
656
692
1621
149
794
37
1553
975
1820
247
1738
1821
12
1996
649
1045
1905
859
118
76
551
1527
1462
292
648
1118
725
630
41
316
1226
1638
506
1888
1769
1269
1199
737
615
739
290
1451
332
1636
1313
1467
1808
1748
1205
193
1475
1259
1430
1065
494
1536
1646
1928
1650
984
724
1568
677
1781
1685
565
893
1339
1313
767
1080
1751
448
269
242
1661
820
1709
171
379
489
703
1301
1692
592
29
1725
875
1155
1433
1972
908
382
545
1961
1845
1647
1416
1684
645
629
1787
1100
129
1170
773
402
1397
1335
1540
1399
196
1904
1578
783
1640
740
123
252
1250
1049
23
1221
176
379
569
853
1642
1544
965
1928
1997
1518
286
321
1105
784
576
1730
354
61
1028
1774
516
29
1576
143
1766
53
1273
1334
1932
1640
617
1369
530
1970
1184
1548
1874
385
1956
1082
1445
629
854
657
423
818
1485
1994
1404
192
163
203
809
1209
970
1146
494
1103
1374
617
1667
1152
1395
1963
682
830
1353
1814
1258
304
509
890
187
999
86
357
1072
1852
950
1960
1625
346
1960
969
1164
1484
967
1420
1999
1937
1484
234
1275
1905
1795
1265
383
1071
1777
872
375
957
279
681
1744
1837
435
707
1137
721
298
582
107
1328
521
1600
1516
1843
1069
1871
1452
1836
224
79
1036
1861
507
625
218
1156
1985
386
1019
1220
1220
986
579
427
144
78
406
317
1599
171
1962
1460
1979
1152
1682
1078
601
1937
1040
649
1420
1852
916
1767
461
1578
677
119
479
603
1
418
1194
925
1092
628
948
972
1183
602
368
1528
84
1101
1513
305
838
1104
181
353
231
860
396
1621
1967
438
384
964
827
1425
1841
854
267
1784
1014
899
1952
1610
836
261
762
947
81
1342
526
904
688
1060
1515
686
1112
631
383
1836
1361
1088
656
1502
515
1977
1353
1831
1396
240
380
740
1793
1833
372
420
1600
1744
660
329
1360
1033
1601
95
1027
563
1145
243
677
725
1175
692
1511
803
1869
1563
833
729
1297
974
1948
1022
190
859
152
197
1424
323
1762
1015
1257
1213
865
1874
194
1051
1568
878
720
205
1600
1423
1557
677
677
92
831
195
1841
211
721
1017
225
1821
626
231
1604
243
36
1920
1793
1102
1187
1097
1613
1059
1843
1981
1486
217
776
930
761
107
740
1403
632
792
1845
1213
1067
1
1460
1811
427
1645
515
1013
25
461
763
1355
857
1097
1979
346
1562
1991
1225
1709
1473
817
256
712
1073
1205
1486
1271
605
476
352
1444
619
1322
481
1420
1200
1566
1364
1190
761
363
254
1172
688
1949
1889
537
1864
881
758
25
1214
1549
1544
1191
127
725
105
936
422
509
1904
1779
1829
68
205
1055
511
1517
261
911
1573
235
1178
659
1710
962
134
431
692
125
945
1000
654
138
292
1421
1807
335
435
1519
887
1847
899
358
502
55
1499
185
1917
98
1925
1763
1237
1961
925
989
1859
215
1839
1589
951
1007
1015
1263
596
1080
829
353
361
0
180
1095
1431
1883
397
805
665
1651
1113
1115
1259
979
1414
1350
1129
1273
69
1976
377
1665
1719
1380
1947
36
363
338
613
1958
1430
1940
1126
155
1899
694
504
781
793
708
163
227
1775
661
973
83
910
1347
929
1755
652
386
1482
1904
881
1215
389
1391
1305
923
546
1218
71
1169
1787
25
8
1489
592
500
1791
1366
1271
351
1317
309
784
1649
625
733
453
116
1898
764
41
1029
1058
1688
1647
387
407
1657
490
1429
322
1072
1213
1679
1988
1496
1334
1626
9
895
1439
717
52
1415
1268
1537
224
293
1308
1211
1517
1963
847
626
1343
1485
932
1905
1697
1038
1963
1234
973
1809
1607
1505
1547
1444
568
317
1641
136
400
667
24
849
168
1524
1907
181
1737
170
977
1994
1363
529
516
281
289
484
827
171
1170
785
350
1293
1803
384
1004
504
1231
1185
305
178
894
509
797
507
1196
1253
798
1145
1834
1610
908
1360
1808
384
968
49
1709
839
1067
1879
403
1683
1417
3
1885
1523
1052
1151
490
1431
357
665
1989
647
328
1771
892
1775
1589
329
30
1392
1057
1055
906
337
584
1185
510
1086
1277
1603
103
771
753
1914
651
1026
725
1046
21
1981
987
46
883
1262
1518
1698
1113
821
1603
616
335
42
234
1664
1157
1976
1026
362
484
1199
740
1826
281
1893
789
1514
219
1941
533
1885
131
145
1197
257
452
1710
1023
491
1502
1359
1968
1205
1285
218
616
870
855
685
91
326
941
257
480
1390
1876
605
503
1297
589
1528
1820
1115
1473
1503
927
558
1750
1785
559
1364
1407
1563
593
1653
971
954
1393
1923
391
707
1771
1388
677
930
1753
1606
957
1669
371
1002
258
550
971
1985
929
1685
1936
665
1618
1010
609
1883
1021
114
1456
98
1658
359
1189
931
322
749
1017
34
448
1674
1813
927
1226
1307
1406
707
1563
440
1640
1337
1491
1117
725
1265
1419
1633
849
800
948
1496
828
1035
980
1516
1636
941
1143
989
1793
901
325
329
374
1329
1169
1790
1524
746
989
1866
1471
480
1486
762
1664
491
1656
392
1809
1707
1621
1105
949
65
1684
954
1082
332
1870
1737
1734
1786
1727
1621
500
572
503
1570
1219
1138
1613
878
1792
1449
442
1460
1286
1970
980
1870
94
1747
639
236
1805
620
445
54
1129
952
1622
1217
332
1677
1626
510
105
870
1284
197
1663
528
362
386
957
629
1898
761
1220
1655
1574
55
427
645
302
1227
1868
1578
1892
851
280
1074
649
1607
1251
1691
491
578
1123
677
423
1044
684
1804
90
123
467
1245
975
1822
1301
1949
236
1109
1208
1933
1141
1951
227
1550
976
283
1803
533
477
317
217
179
1539
1047
1893
1426
845
1017
705
666
828
330
1497
1303
1964
1773
1353
1811
264
269
1841
1113
1999
1580
281
905
511
269
1597
881
1843
1518
929
611
1589
1804
605
759
784
1441
1439
1502
1728
1070
1183
1872
514
1365
1614
613
1091
1235
133
1279
1721
1607
821
1837
1969
1186
407
1269
1259
1514
1581
1932
1422
1212
945
1034
965
948
1724
1669
93
244
1996
1595
1759
1625
1565
801
1089
1746
32
1821
999
953
1815
300
1269
160
1411
1080
1016
1376
1337
36
1173
1619
1078
1335
1158
1639
12
1330
1825
1555
1640
1211
361
435
100
491
935
675
526
1227
1961
1736
1756
1873
44
96
1379
1539
161
108
1623
1685
1124
1390
1320
584
1069
1887
1484
1058
1288
158
806
1814
980
234
443
642
351
250
997
40
577
1073
470
1697
1855
709
1408
443
178
1922
1160
902
1666
1128
437
661
607
452
1175
770
950
851
1097
989
1687
1049
528
1774
835
1001
1307
697
525
562
1577
236
694
1766
677
554
894
480
177
159
1228
300
1621
551
1168
1530
1311
859
1494
393
863
1685
1340
217
1853
489
1642
1840
1957
530
342
1081
209
777
307
657
1795
1920
755
1644
1998
20
257
1677
673
493
758
1512
865
601
203
596
1444
1355
377
666
1550
36
827
650
230
1668
1299
1109
65
1221
1813
1231
1715
1271
860
605
1986
1157
328
125
114
1492
32
956
1718
1658
1514
1274
608
231
1867
1795
1453
190
1126
47
1854
469
1841
441
317
167
1341
1692
1139
1804
840
1521
1139
1555
809
1025
821
701
618
746
1282
1160
1567
1733
560
720
389
640
476
967
515
1731
1788
485
107
1537
1699
1899
1764
197
805
125
1120
1520
1793
409
178
1179
1298
1011
1469
1284
943
1060
922
279
1242
1823
1449
826
554
743
1822
1337
1827
576
570
1251
1596
238
780
1721
1559
232
121
173
515
1462
1874
519
437
242
1316
926
157
526
922
1580
553
979
1272
1576
607
1304
58
388
1109
1264
1261
1333
28
1923
61
1289
45
1346
608
1599
1379
1925
781
977
1059
968
1974
521
1777
1511
1321
11
322
1247
785
965
1155
204
255
854
322
918
1026
1638
1907
1751
679
50
1821
1024
773
551
707
1795
1356
1483
1772
17
1664
1811
537
1720
632
1029
89
309
71
1646
1082
1875
474
1103
128
1727
506
1801
639
1453
1674
1548
1262
413
274
1633
834
394
1117
1731
1775
376
1616
1448
465
342
1489
100
1931
271
1137
354
1528
1707
1341
952
1571
172
236
61
1420
911
33
1070
1434
507
854
758
1880
533
1885
1826
1116
21
1637
1250
1334
1943
1710
1347
1858
336
1248
1408
1229
1267
1649
1723
843
284
829
1790
326
446
261
1648
1826
1619
740
363
1683
783
1424
1556
600
1811
4
1360
1029
1204
1457
1741
629
1187
98
841
1703
1002
1985
1150
474
794
733
1647
657
614
1542
1697
652
136
54
1049
1806
62
1901
498
1897
502
1502
441
483
886
515
1146
25
1703
1966
682
1415
1845
1301
489
1657
822
1294
1463
1958
1333
778
1826
295
1567
623
635
481
259
985
62
1684
832
865
1849
170
1124
712
169
1615
1962
479
678
821
377
1787
1949
1906
1564
1270
932
281
1779
355
92
1133
1897
1709
1790
10
1197
1386
1048
704
1947
181
1259
1763
1541
23
1376
640
1615
386
1449
41
1612
845
912
957
1688
1816
313
827
519
1754
1339
1141
763
1815
1137
1336
1117
1093
1108
46
368
124
1331
347
934
758
515
1004
1571
1380
1689
925
809
1705
1973
974
751
1046
838
784
69
284
322
213
653
499
146
322
985
844
1540
662
1700
1779
916
1898
1021
1933
1610
1347
206
5
1066
1869
146
1458
671
1993
1306
1045
1790
704
1414
971
657
1248
277
397
917
166
169
803
819
293
1112
1604
1590
1115
955
1007
430
1630
738
1726
417
1539
741
759
872
589
681
1343
1432
535
1436
1676
1183
758
1852
699
1759
681
624
1004
1888
1198
580
1838
1700
539
1710
860
1739
698
697
455
599
1796
794
1887
597
1311
1077
1844
1701
625
203
1672
166
1509
1706
1337
80
1002
208
1677
1988
921
39
453
1642
1221
1116
1637
1942
1205
74
1778
1714
413
15
969
1797
1049
459
504
1107
1497
884
1272
1787
1066
405
1903
107
1566
1738
911
866
1059
1061
1646
48
1428
935
794
62
1637
680
1381
396
1757
670
777
1650
217
1945
1668
1153
801
1183
1329
1233
34
1337
1213
2
1618
477
1001
401
768
1622
1826
1260
1358
641
237
1289
1208
63
365
1188
745
1851
384
1817
1985
1510
1309
146
1396
767
38
1855
259
1569
1112
367
1604
425
1256
965
1733
889
758
904
881
1001
170
1855
338
1950
1710
179
1142
780
497
1999
1000
644
901
1456
829
628
803
1777
1678
563
689
1550
1690
1373
1652
1173
1081
1385
686
1838
1346
101
1049
971
182
110
245
717
68
12
138
1503
1187
193
1741
1248
1605
251
497
1061
1731
1091
430
4
955
1841
1509
1462
1758
173
1925
1164
612
19
29
1048
1737
792
1241
1476
1592
336
469
1392
1843
277
644
507
1835
497
1214
1807
1504
986
248
621
1790
1517
654
185
988
1994
725
1210
863
1227
659
1682
983
1959
836
1286
1049
546
1079
1800
911
1941
858
10
1550
1152
1458
147
434
299
603
874
1385
536
921
1993
1969
1170
249
1938
1212
1196
165
1893
1120
1167
923
167
1677
1160
1112
1256
122
220
50
415
1544
464
891
593
227
754
959
936
1950
681
1628
498
1596
1065
1034
1254
943
575
1313
92
461
648
149
892
1924
1159
122
1100
1100
291
257
56
181
1739
261
1137
1584
1413
1445
1266
1439
206
638
644
779
522
340
116
391
1409
1503
1636
689
368
126
1526
1389
526
49
1172
922
565
1163
487
874
1512
104
422
804
1731
1830
974
362
782
1668
1849
857
692
1662
622
1934
698
1313
860
350
1836
516
371
286
1974
1982
1259
1016
1094
1734
1313
1815
499
1631
280
244
568
1271
1115
833
1526
753
451
1000
211
605
283
1009
533
1074
1434
1990
1703
1317
403
1041
1832
741
269
16
566
1061
647
423
1413
1224
1401
1359
1944
1544
3
1456
845
1537
1708
1713
1394
150
892
1343
1905
370
464
48
562
1736
210
1668
1825
1571
1935
70
130
178
248
588
1822
1290
1366
38
1293
103
958
65
679
780
1811
692
59
812
1872
36
1691
1859
1013
1500
970
837
601
1500
435
612
1109
1282
806
90
1942
1178
389
322
252
1081
1539
749
531
57
1958
641
797
1049
400
813
1484
1807
689
497
1762
1652
1974
242
1884
902
1511
552
1306
568
215
897
1083
1803
742
1167
1395
43
1148
794
1401
1061
941
727
753
320
1456
375
1712
791
1391
184
1667
496
1936
317
974
352
1360
1990
1777
479
552
197
865
220
681
1569
287
84
1570
1350
760
1980
759
1631
973
440
1392
945
1533
675
91
1544
1053
787
1521
1190
1618
1157
798
476
1065
1374
1224
869
1927
1727
551
632
269
316
1793
235
528
1779
157
1742
638
635
1369
82
1801
697
1517
1991
928
376
74
41
594
793
1971
1993
603
317
657
23
1363
1993
1304
726
473
1624
503
1003
1262
162
1897
638
400
788
1333
1006
41
1102
1094
1619
1355
667
754
143
805
896
259
1028
568
741
674
916
1338
606
1217
179
598
277
960
1911
1339
589
401
1171
833
1252
564
1322
1529
880
1064
324
671
1823
846
401
794
1398
1253
902
1402
1616
622
872
1733
1580
1902
786
924
1368
604
1231
1801
974
1529
156
1181
1856
1987
955
1593
1681
1251
1519
1482
586
416
1736
1992
595
1159
1655
1872
1247
1869
1296
726
324
1913
1678
1269
850
370
58
1560
1868
1404
174
868
912
1831
951
771
1159
451
1426
1569
1043
843
1918
224
535
539
1671
717
561
158
848
1918
1531
721
609
1529
1624
729
207
1953
406
558
1415
1321
1757
1232
1955
1278
1998
1852
95
1426
1013
1166
873
1708
302
173
886
1488
1982
1035
575
1193
697
1961
1341
1659
323
705
1249
1298
673
687
727
1248
1065
466
559
764
158
297
286
1547
573
566
1669
1877
1847
762
710
568
105
1610
1969
1605
648
1486
250
128
562
1253
316
894
1079
1977
141
1948
1721
352
1028
592
132
1581
503
1270
800
1432
857
172
919
33
1664
888
1606
1678
1745
337
1865
1433
277
1941
1409
1907
35
613
962
131
1409
1939
345
939
1193
1115
1715
744
1258
546
1253
417
617
704
215
1220
949
821
1758
1489
1676
1137
817
801
975
978
1650
1492
796
302
1646
1735
1925
1443
1494
104
1070
1788
1509
132
1888
1168
789
781
1892
1448
676
1277
199
213
114
1638
389
1457
236
1529
1556
385
1873
761
124
875
399
1694
602
339
293
1051
489
1067
710
1433
1455
618
436
660
1753
1987
527
842
372
1280
904
1572
97
539
1189
645
1450
523
1196
1936
305
881
1266
632
698
265
590
1297
1925
678
518
69
1154
1328
1087
1609
65
17
793
1869
303
390
1248
601
1834
62
871
1589
1061
260
1796
1175
197
1318
1246
613
899
1232
584
1650
825
317
1163
1985
1001
1242
850
21
1415
1367
767
19
320
476
221
457
1829
515
1215
1509
1080
1905
1562
1350
65
873
1027
393
1081
1970
1137
1531
812
229
600
280
1450
1792
920
1136
584
1804
1219
389
1630
707
1486
1046
1005
41
272
483
1591
1627
639
560
936
1286
1221
1109
1543
841
1839
1616
1475
1805
1689
754
700
759
357
1272
483
1231
823
994
1851
1938
1885
461
376
992
697
1439
298
1196
57
687
1497
933
769
281
146
1349
1506
552
1094
389
1965
1767
1201
221
1091
1466
1141
875
1781
1388
589
198
1065
1172
938
1016
1024
406
138
1409
751
499
155
221
884
1348
1973
535
821
1165
1110
767
938
1829
377
111
1537
1575
1680
611
1856
298
544
1093
306
315
184
1466
1432
1615
1859
887
1127
50
410
514
1960
1390
1456
878
1055
1826
305
453
1824
1797
934
533
653
224
623
1225
1528
451
1490
830
1481
533
945
1641
315
271
1822
1327
533
393
799
1845
1637
487
1500
1996
95
1742
705
1650
573
434
1260
493
1659
390
1047
1188
1462
1135
605
1792
1568
1605
945
1109
801
1631
6
1017
1560
1589
1325
657
1325
1207
938
1921
1921
1633
1596
228
1539
645
1568
1977
200
127
918
454
1512
691
1193
1712
675
1523
1645
275
1357
1239
157
353
1573
1502
1999
312
1119
1394
883
1444
1920
1169
1118
620
1844
1924
1398
771
765
1084
682
1893
1358
817
941
217
1232
412
1848
701
1742
432
746
142
1754
980
1571
626
312
581
1977
378
257
1443
646
491
683
1909
1756
1128
682
955
757
1043
1513
241
889
867
1545
1780
455
1613
1557
1615
344
1898
1975
827
679
1981
1360
870
1077
1870
479
1503
1396
1900
770
1153
2
659
1167
1270
1860
1060
1944
1154
571
246
1654
1786
561
1681
842
373
1112
1406
1361
1797
256
15
1263
1082
973
1255
1221
1082
1539
161
306
965
1690
101
1291
1519
1005
1509
174
139
1618
975
1884
1113
709
646
649
556
346
1673
344
21
742
119
1696
971
633
1758
1153
645
278
295
126
1984
309
1401
1133
773
65
1729
1188
1781
219
1793
478
869
338
308
1145
1459
1273
391
1811
573
1742
1292
1684
789
1125
463
485
258
178
848
1936
1180
1152
1025
228
1980
500
535
1203
862
76
1389
582
741
588
992
633
1356
844
912
93
1103
1855
427
516
1207
971
1298
1559
1290
1197
1354
1143
1895
1701
793
1510
1062
1622
736
1235
51
1707
906
1160
261
365
652
1564
516
179
422
1617
973
211
997
1081
983
1440
427
1936
257
1674
1389
1730
636
839
1479
613
1978
799
1385
204
937
449
157
1654
1902
1020
1107
1107
1427
1298
452
1165
464
1212
583
1552
1942
900
757
854
363
1372
1853
487
1939
755
556
954
101
306
1015
81
2
719
717
1074
69
1221
733
143
1008
794
1155
1018
1432
562
236
837
771
33
1749
594
320
1364
134
1629
1829
1460
1989
974
410
485
464
475
1343
1588
366
1510
1225
507
1622
528
524
988
792
889
1555
1959
651
1559
945
1440
818
130
1481
1154
843
781
1929
1142
582
1109
1949
1232
969
1393
51
456
150
1596
58
412
989
1689
1614
1365
1689
550
1007
405
1232
402
1147
1077
1618
1646
1715
1878
479
850
1642
1231
219
1019
522
1035
411
458
1400
473
1580
1541
169
999
1700
581
437
653
1986
991
1321
887
794
1272
607
44
237
356
461
1520
1348
1967
978
611
1258
1575
659
1455
1577
181
1523
104
287
257
533
77
1017
1335
694
499
1920
33
122
1291
1100
1004
1814
955
728
1609
1794
1806
771
1065
725
137
35
1514
177
950
922
461
695
854
837
1301
637
698
150
801
956
1669
914
797
128
548
1620
912
538
1640
1652
57
1985
1236
1507
891
395
1046
1542
303
704
1111
1678
537
1564
870
568
1004
364
1391
382
818
1429
1191
607
1926
1061
547
1844
1121
1534
229
1595
1124
78
1933
1429
1652
9
1735
720
1276
1534
630
1449
972
78
398
1820
364
125
1949
1691
547
1646
1213
1257
820
936
1524
1473
1784
1604
263
1508
400
788
1103
914
49
1029
1505
1406
1447
1165
1061
993
968
1223
849
709
242
570
581
1532
1702
453
466
1580
156
1425
760
810
1656
579
1757
1856
1673
949
385
1365
306
1447
809
935
650
1498
1636
587
1325
410
697
1275
319
1791
326
208
1800
485
1175
149
574
1137
387
1939
1089
1162
993
35
373
1015
1449
1345
297
1797
791
737
773
239
1201
749
871
614
983
1081
1757
257
1263
1199
19
507
1446
447
1311
719
1531
1571
1923
516
1238
1541
114
1825
232
921
1497
437
1105
1638
521
1824
1105
1041
446
1287
731
1965
713
419
1040
730
962
1779
1331
144
637
1033
1749
556
1874
933
1840
484
1693
1957
387
727
419
1396
1700
751
1033
1132
4
385
244
252
785
242
1228
1977
1451
1883
565
236
445
638
1874
1418
104
1245
251
241
611
1067
324
476
1258
562
247
1196
1554
133
1051
1420
535
1398
38
1779
1753
592
805
1715
1114
1690
740
1070
1850
1934
24
1726
805
112
675
1114
458
1893
1205
1726
246
579
819
1390
1461
1797
653
1487
1730
489
1383
1272
1331
1521
1479
1845
965
221
1225
305
1925
1854
704
416
1401
1101
1864
448
1719
1236
1640
244
1361
628
533
61
652
936
1192
1203
800
835
901
193
1172
1422
1345
1
216
638
154
1539
605
1185
973
1852
1097
1263
256
717
1326
163
1756
361
1932
716
1862
1583
504
437
1849
7
1803
592
1417
1477
1570
819
1752
1811
549
119
1727
1726
1007
55
111
1670
872
1662
1463
1811
897
1298
210
1296
284
1738
1914
1815
1872
1529
1520
1968
1929
1202
1660
1641
349
1208
899
1645
1592
1610
5
1280
1402
1897
303
201
831
888
1455
1319
776
472
1479
1877
352
1908
56
109
488
1990
349
1090
1691
577
655
1428
254
417
1117
1313
1032
734
259
1401
371
204
1007
1355
542
589
1110
1358
1884
709
574
76
1592
485
1573
1645
949
260
182
1740
29
206
290
1362
29
1925
1364
720
1182
259
985
1424
1467
819
1534
614
63
188
1029
1488
164
538
389
246
61
976
1600
64
957
786
1215
670
1517
1821
426
854
1410
1826
1413
895
828
875
1836
1886
1639
1037
1298
1747
1622
783
507
377
899
804
1481
1433
1965
108
244
223
1218
1337
1105
1674
1084
181
1172
1041
1270
659
1332
1164
1190
1317
1332
740
1694
531
1287
1820
1915
1290
380
1235
829
1549
1114
1786
1696
373
853
1953
573
1310
399
457
1788
1432
499
1556
559
1571
1472
513
909
1214
1942
1514
1564
712
401
1493
736
1187
1211
663
1857
1758
663
1904
1531
83
1585
937
661
497
1733
1824
1915
443
25
1984
1409
1147
1556
1879
1733
1235
1247
911
284
1414
1191
605
950
1868
167
213
413
1677
757
292
1220
229
1815
1749
1813
908
1298
1060
61
441
916
862
1320
1395
1742
848
207
757
99
1398
1847
221
1602
1549
305
1207
1682
111
424
475
395
1568
267
233
789
1543
527
199
1299
165
117
1054
1784
857
281
522
1421
1916
1539
617
332
36
601
1231
1622
1531
1920
719
1980
673
693
1802
83
1062
1655
1377
371
1393
205
636
217
400
1787
468
1464
599
1771
1776
1301
988
338
793
329
347
890
235
1269
960
861
1476
1480
1918
323
1571
133
196
1145
916
1371
1321
1408
809
1648
1598
206
506
1120
1255
526
77
1146
453
1836
1533
389
1876
1868
484
1047
874
802
1953
140
1488
1957
1019
149
1415
31
1849
46
1094
1595
1685
422
1109
305
196
1803
1282
691
1502
673
980
232
1435
1224
611
1601
491
779
1285
1930
858
1068
1897
1398
542
1653
929
1309
890
13
572
37
13
1640
137
381
899
465
1875
1604
1387
1328
167
382
746
1556
1497
1407
700
889
1990
1120
1408
1757
1472
866
1697
1618
722
1643
513
1832
1
1320
1037
1768
1098
917
932
251
1638
581
1926
1048
1399
1583
251
1752
439
1230
544
1163
1397
1936
1325
1642
1364
1298
1208
1413
425
1193
799
1160
142
1855
967
523
1087
905
289
476
1824
920
929
1616
1960
658
77
512
460
1153
1619
1148
817
95
953
389
557
920
1286
859
1092
1273
736
1593
502
265
1721
1264
209
1073
1376
989
812
1603
149
1083
1185
459
1449
1175
1993
1013
1192
348
1602
1392
1585
1721
1780
169
969
1455
1637
1119
212
1626
116
438
1149
605
616
1258
1024
92
1025
172
736
1801
289
1386
272
1520
900
933
1900
81
1590
1891
1171
1849
1329
902
1925
113
1862
467
681
1637
777
1984
843
1808
285
1083
1526
729
453
1229
1750
192
1970
273
638
8
1605
585
911
1580
1904
331
1188
1706
1800
609
296
1467
865
1777
1037
865
609
361
1163
1067
923
464
255
860
965
468
1780
261
875
1556
142
579
1371
84
548
317
146
1854
605
1679
1264
1466
213
807
551
1657
1003
1917
1393
1352
392
904
1836
1053
1427
1678
1109
1256
507
20
72
1907
1110
1827
1380
572
338
547
1194
1683
1401
263
1608
198
525
901
1603
1291
1820
1454
68
611
1207
852
871
1171
1444
267
805
449
731
1915
1195
1728
1814
773
81
526
1180
296
743
1520
326
1922
1230
1201
724
1946
1768
512
819
580
1736
225
84
1589
570
31
1392
1300
1298
1626
708
439
1074
205
1156
816
1198
464
1807
738
1427
809
1069
563
428
0
895
1812
836
1545
1665
1115
1893
75
727
619
208
245
1080
300
804
1584
1394
178
377
767
1650
1747
259
98
1602
1650
1135
1341
977
1349
1360
1407
1152
1473
981
1455
28
24
281
72
1720
1085
1596
1961
1457
1829
635
1746
1522
701
821
1259
524
945
1662
974
443
1818
1213
1153
1216
798
1061
687
1756
923
1853
1291
644
59
336
92
1477
1179
584
1217
1055
798
1560
677
1110
1957
422
1092
1652
938
30
397
1126
205
1349
1955
1939
1681
885
739
227
406
131
654
1982
709
701
129
1037
